lxrbsv_musmusculus_1	100.0	244	1	898	1629	203	446	3.6e-134	479.9
lxrbsv_musmusculus_1	100.0	244	1	898	1629	203	446	3.6e-134	479.9
lxrbsv_musmusculus_1	99.2	244	1	898	1629	212	455	1.0e-133	478.4
lxrbsv_musmusculus_1	99.2	244	1	898	1629	217	460	1.4e-133	478.0
lxrbsv_musmusculus_1	64.5	380	1	490	1629	85	445	1.6e-129	464.5
lxrbsv_musmusculus_2	70.0	40	2	296	415	12	51	4.1e-07	56.6
lxrbsv_musmusculus_2	67.5	40	2	296	415	12	51	9.0e-07	55.5
ptenp1_homosapiens_1	91.3	402	2	773	1978	2	403	1.1e-218	761.9
ptenp1_homosapiens_1	91.3	402	2	773	1978	2	403	1.1e-218	761.9
ptenp1_homosapiens_1	91.0	402	2	773	1978	2	403	3.3e-218	760.4
ptenp1_homosapiens_1	80.4	403	2	773	1978	2	402	5.7e-186	653.3
ptenp1_homosapiens_1	50.2	201	2	779	1381	4	204	1.3e-57	226.9
pcat-1_hg_1	71.2	156	2	1502	1969	529	684	1.8e-58	228.8
pcat-1_hg_1	26.8	157	2	1502	1969	189	345	9.4e-12	73.6
pcat-1_hg_1	55.1	69	-2	1367	1167	321	389	1.6e-11	72.8
pcat-1_hg_1	45.8	96	-3	1372	1091	74	169	2.3e-10	68.9
pcat-1_hg_1	70.5	44	2	1109	1240	504	547	8.8e-10	67.0
lucat1_hg_1	96.2	26	1	364	441	15	40	3.1e-07	57.4
lucat1_hg_1	69.7	33	1	361	459	331	363	1.0e-05	52.4
lucat1_hg_1	76.7	30	1	364	453	110	139	2.9e-05	50.8
lucat1_hg_1	52.3	44	-3	465	334	13	54	1.5e-04	48.5
lucat1_hg_1	71.0	31	1	364	456	66	96	4.2e-04	47.0
lucat1_hg_2	96.2	26	1	364	441	15	40	2.0e-07	57.4
lucat1_hg_2	69.7	33	1	361	459	331	363	8.6e-06	52.0
lucat1_hg_2	76.7	30	1	364	453	110	139	1.9e-05	50.8
lucat1_hg_2	52.4	42	-1	459	334	15	54	9.5e-05	48.5
lucat1_hg_2	71.0	31	1	364	456	66	96	3.6e-04	46.6
rab4b-egln2_hg_1	88.2	365	2	1139	2233	31	395	7.5e-188	659.1
rab4b-egln2_hg_1	80.7	379	2	1139	2233	29	407	8.1e-174	612.5
rab4b-egln2_hg_1	81.6	375	2	1139	2233	29	403	1.1e-173	612.1
rab4b-egln2_hg_1	100.0	213	2	158	796	1	213	2.2e-118	428.3
rab4b-egln2_hg_1	100.0	213	2	158	796	1	213	2.2e-118	428.3
yam-1_mm10_1	100.0	29	1	502	588	1	29	4.8e-10	67.8
msx1as_musmusculus_1	74.5	141	-1	1120	698	157	297	9.0e-48	193.4
msx1as_musmusculus_1	74.5	141	-1	1120	698	157	297	9.0e-48	193.4
msx1as_musmusculus_1	74.5	141	-1	1120	698	163	303	9.0e-48	193.4
msx1as_musmusculus_1	74.5	141	-1	1120	698	157	297	9.0e-48	193.4
msx1as_musmusculus_1	74.5	141	-1	1120	698	163	303	9.0e-48	193.4
dleu2_hg_1	66.7	87	2	2141	2383	80	166	1.3e-22	110.2
dleu2_hg_1	65.0	80	2	2162	2380	2	81	1.1e-18	97.1
dleu2_hg_1	65.8	73	2	2141	2341	105	177	9.4e-18	94.0
dleu2_hg_1	76.2	63	2	2141	2329	116	178	2.7e-17	92.4
dleu2_hg_1	53.6	84	2	1802	2050	319	402	1.8e-16	89.7
lsinct5_hg_1	52.4	103	-1	835	530	96	195	5.3e-18	94.7
lsinct5_hg_1	55.6	81	-1	823	581	322	402	5.4e-15	84.7
lsinct5_hg_1	45.5	110	-1	889	560	971	1078	3.5e-14	82.0
lsinct5_hg_1	68.8	48	-1	820	677	57	104	1.8e-10	69.7
lsinct5_hg_1	86.1	36	-1	823	716	5	40	2.4e-10	69.3
lncrna-cir_hg_1	44.4	351	2	326	1333	97	443	6.6e-50	199.9
lncrna-cir_hg_1	44.4	351	2	326	1333	97	443	6.6e-50	199.9
lncrna-cir_hg_1	44.4	351	2	326	1333	97	443	6.6e-50	199.9
lncrna-cir_hg_1	44.4	351	2	326	1333	97	443	1.5e-49	198.7
lncrna-cir_hg_1	44.4	351	2	326	1333	97	443	1.5e-49	198.7
Xist_hg_1	81.8	33	3	5235	5333	13	45	1.6e-07	62.8
Xist_hg_1	57.1	56	-2	5374	5231	133	188	8.9e-06	57.0
Xist_hg_1	73.0	37	-2	5341	5231	130	166	7.5e-05	53.9
Xist_hg_1	69.7	33	3	5235	5333	36	68	9.8e-05	53.5
pgsf1_hg_1	62.6	99	2	803	1087	92	190	1.8e-26	123.2
pgsf1_hg_1	72.2	72	1	802	1017	46	117	5.4e-23	111.7
pgsf1_hg_1	76.7	73	2	815	1033	71	143	9.3e-23	110.9
pgsf1_hg_1	97.8	45	3	3063	3197	84	128	1.6e-19	100.1
pgsf1_hg_1	74.3	70	2	824	1033	110	179	3.6e-19	99.0
bace1as_musmusculus_1	100.0	45	-2	911	777	236	280	1.2e-20	102.4
bace1as_musmusculus_1	100.0	45	-2	911	777	236	280	1.2e-20	102.4
bace1as_musmusculus_1	100.0	45	-2	911	777	236	280	1.2e-20	102.4
bace1as_musmusculus_1	97.8	45	-2	911	777	208	252	2.7e-20	101.3
bace1as_musmusculus_1	97.8	45	-2	911	777	236	280	5.9e-20	100.1
bace1as_homosapiens_2	74.5	51	-2	182	30	504	554	6.2e-15	82.8
bace1as_homosapiens_2	72.7	44	-2	185	54	472	515	1.2e-10	68.6
bace1as_homosapiens_2	82.1	28	-2	182	99	646	673	4.0e-06	53.5
bace1as_homosapiens_2	65.7	35	-3	184	80	3	37	6.9e-06	52.8
bace1as_homosapiens_2	100.0	23	-2	425	357	253	275	9.0e-06	52.4
bace1as_homosapiens_3	73.8	42	-1	225	100	504	545	3.6e-10	67.0
bace1as_homosapiens_3	87.9	33	-1	228	130	472	504	6.1e-10	66.2
bace1as_homosapiens_3	62.8	43	2	23	151	75	117	9.7e-08	58.9
bace1as_homosapiens_3	82.1	28	-1	225	142	646	673	4.1e-06	53.5
bace1as_homosapiens_3	65.7	35	-2	227	123	3	37	7.0e-06	52.8
bace1as_musmusculus_4	97.8	45	-1	1668	1534	236	280	2.5e-20	102.1
bace1as_musmusculus_4	97.8	45	-1	1668	1534	236	280	2.5e-20	102.1
bace1as_musmusculus_4	97.8	45	-1	1668	1534	236	280	2.5e-20	102.1
bace1as_musmusculus_4	95.6	45	-1	1668	1534	208	252	5.6e-20	100.9
bace1as_musmusculus_4	95.6	45	-1	1668	1534	236	280	1.3e-19	99.8
otx2os1_homosapiens_2	49.1	108	3	885	1202	94	201	1.1e-17	93.6
otx2os1_homosapiens_2	59.0	83	1	1885	2133	320	401	5.4e-17	91.3
otx2os1_homosapiens_2	52.3	86	1	1900	2157	995	1078	1.1e-14	83.6
otx2os1_homosapiens_2	57.5	73	2	875	1087	45	117	1.2e-13	80.1
otx2os1_homosapiens_2	66.0	50	2	1880	2029	119	168	4.4e-11	71.6
Zfhx2as_mm_1	74.0	407	-2	1287	73	294	697	4.0e-169	596.7
Zfhx2as_mm_1	46.0	287	-2	993	163	584	849	5.6e-62	240.7
Zfhx2as_mm_1	52.6	230	-2	828	163	634	845	2.8e-61	238.4
Zfhx2as_mm_1	43.5	308	-2	1038	163	608	892	8.1e-61	236.9
Zfhx2as_mm_1	42.1	347	-2	1056	67	556	881	2.3e-60	235.3
pcna-as1_hg_1	100.0	71	-1	213	1	1	71	2.4e-33	142.9
pcna-as1_hg_1	100.0	71	-1	213	1	1	71	2.4e-33	142.9
pcna-as1_hg_1	100.0	71	-1	213	1	1	71	2.4e-33	142.9
pcna-as1_hg_1	98.6	71	-1	213	1	1	71	7.1e-33	141.4
pcna-as1_hg_1	97.2	71	-1	213	1	1	71	9.3e-33	141.0
nkx2.2as_musmusculus_1	89.6	106	-3	318	1	140	245	5.7e-46	188.3
nkx2.2as_musmusculus_1	89.6	106	-3	318	1	140	245	5.7e-46	188.3
nkx2.2as_musmusculus_1	88.7	106	-3	318	1	140	245	4.9e-45	185.3
nkx2.2as_musmusculus_1	86.8	106	-3	318	1	137	241	1.0e-42	177.6
nkx2.2as_musmusculus_1	82.1	106	-3	318	1	81	186	1.1e-41	174.1
uca1_hg_1	76.2	42	-1	235	110	24	65	1.0e-09	67.0
uca1_hg_1	41.3	63	2	485	673	1076	1135	3.4e-05	52.0
uca1_hg_1	41.3	63	2	485	673	205	264	5.8e-05	51.2
uca1_hg_1	47.3	55	2	146	310	4	54	7.6e-05	50.8
uca1_hg_1	39.7	63	2	485	673	1038	1097	6.4e-04	47.8
jpx_homosapiens_1	71.1	225	3	510	1181	1	225	2.2e-86	321.2
jpx_homosapiens_1	70.7	225	3	510	1181	1	225	3.5e-84	313.9
jpx_homosapiens_1	70.7	225	3	510	1181	1	225	1.3e-83	312.0
jpx_homosapiens_1	69.3	225	3	510	1181	1	225	1.6e-81	305.1
jpx_homosapiens_1	50.2	225	3	510	1181	1	224	3.9e-59	230.7
SNHG3_hg_1	66.2	77	1	766	993	89	165	2.3e-17	92.4
SNHG3_hg_1	60.3	78	1	766	993	4	81	6.3e-15	84.3
SNHG3_hg_1	72.5	51	1	763	915	124	174	2.9e-12	75.5
SNHG3_hg_1	80.5	41	1	763	885	703	743	5.5e-11	71.2
SNHG3_hg_1	58.2	67	1	769	960	115	179	8.0e-10	67.4
21a_homosapiens_1	76.7	30	-2	278	189	100	129	2.0e-04	46.6
21a_homosapiens_1	75.0	28	-2	104	21	1	28	3.4e-04	45.8
beta2.7-rna_hpv5_1	95.6	113	3	2166	2504	1	113	2.1e-56	222.2
beta2.7-rna_hpv5_1	100.0	101	-1	1988	1686	70	170	4.5e-51	204.5
beta2.7-rna_hpv5_1	93.4	91	3	1101	1373	4	94	8.4e-42	173.7
beta2.7-rna_hpv5_1	71.7	46	1	1	138	70	115	3.6e-08	62.0
afap1as_hg_1	75.0	64	-2	878	687	604	667	4.8e-15	86.3
afap1as_hg_1	70.3	64	-2	878	687	605	668	3.4e-13	80.1
afap1as_hg_1	68.8	64	-2	878	687	604	667	3.4e-13	80.1
afap1as_hg_1	70.3	64	-2	878	687	605	668	4.5e-13	79.7
afap1as_hg_1	58.6	58	-3	2986	2813	994	1051	1.3e-12	78.2
hoxa6as_homosapiens_1	87.8	41	-1	257	135	111	151	3.1e-14	82.0
hoxa6as_homosapiens_1	85.7	35	-1	239	135	116	150	1.6e-10	69.7
hoxa6as_homosapiens_1	73.0	37	-1	245	135	113	149	1.2e-08	63.5
hoxa6as_homosapiens_1	57.6	33	-1	233	135	115	147	1.7e-04	49.7
cdr1-as_homosapiens_1	78.8	85	-2	673	419	178	262	1.3e-34	149.1
cdr1-as_homosapiens_1	41.2	119	1	1045	1401	156	268	5.6e-09	63.9
cdr1-as_homosapiens_1	43.2	88	1	1048	1311	635	719	5.8e-06	53.9
cdr1-as_homosapiens_1	31.5	111	1	1042	1374	834	944	1.4e-04	49.3
cdr1-as_musmusculus_2	43.4	228	-1	991	344	73	251	4.8e-28	128.3
cdr1-as_musmusculus_2	40.4	136	1	817	1218	470	604	2.4e-11	72.8
cdr1-as_musmusculus_2	31.8	132	1	829	1218	183	314	6.3e-04	48.1
cdr1-as_musmusculus_2	34.3	102	1	892	1197	619	719	6.3e-04	48.1
beta-globin-transcripts_hg_1	66.2	77	-3	1147	917	326	402	7.1e-23	109.8
beta-globin-transcripts_hg_1	63.9	83	-3	1147	899	996	1077	2.7e-22	107.8
beta-globin-transcripts_hg_1	63.8	80	-3	1138	899	107	184	1.2e-19	99.0
beta-globin-transcripts_hg_1	77.5	40	3	909	1028	42	81	9.0e-10	66.2
beta-globin-transcripts_hg_1	53.6	56	-1	1188	1021	92	147	2.0e-09	65.1
beta-globintranscripts_homosapiens_2	83.3	36	-2	1010	903	40	75	5.1e-09	63.5
beta-globintranscripts_homosapiens_2	83.3	36	-2	1010	903	124	159	6.7e-09	63.2
beta-globintranscripts_homosapiens_2	82.4	34	1	904	1005	42	75	6.7e-09	63.2
beta-globintranscripts_homosapiens_2	75.7	37	-2	1004	894	1041	1077	3.7e-07	57.4
beta-globintranscripts_homosapiens_2	81.8	33	-2	1001	903	377	409	4.8e-07	57.0
adamts9-as2_hg_1	48.9	92	-3	1615	1340	72	163	5.0e-13	79.7
adamts9-as2_hg_1	49.3	71	-3	1606	1394	100	170	8.2e-08	62.4
adamts9-as2_hg_1	44.8	67	-2	1616	1416	51	117	4.1e-07	60.1
adamts9-as2_hg_1	46.4	69	-3	1606	1400	111	179	2.0e-06	57.8
adamts9-as2_hg_1	42.3	78	-3	1570	1340	2	79	8.5e-05	52.4
TUC338_hg_1	57.3	75	2	260	451	181	255	3.9e-14	79.7
TUC338_hg_1	57.3	75	2	260	451	177	251	3.9e-14	79.7
dhfr-upstream-transcripts_hg_1	100.0	29	-2	130	44	1	29	5.8e-10	65.9
dhfr-upstream-transcripts_hg_1	93.1	29	-2	130	44	1	29	1.9e-08	60.8
dhfr-upstream-transcripts_hg_1	93.1	29	-2	130	44	1	29	1.9e-08	60.8
dhfr-upstream-transcripts_hg_1	92.9	28	-2	127	44	1	28	7.1e-08	58.9
dhfr-upstream-transcripts_hg_1	89.7	29	-2	130	44	1	29	2.7e-07	57.0
prins_homosapiens_1	62.5	72	-2	677	462	319	389	1.3e-17	93.2
prins_homosapiens_1	58.2	67	-2	662	462	994	1058	5.5e-13	77.8
prins_homosapiens_1	62.9	62	-2	647	462	107	165	6.1e-12	74.3
prins_homosapiens_1	76.9	39	-2	677	561	2	40	3.7e-09	65.1
prins_homosapiens_1	57.4	54	-2	692	531	48	101	2.0e-07	59.3
kcna2-as_rn_1	88.8	499	-3	1783	287	1	499	5.0e-252	872.1
kcna2-as_rn_1	88.8	499	-3	1783	287	1	499	5.0e-252	872.1
kcna2-as_rn_1	88.2	499	-3	1783	287	1	499	2.1e-250	866.7
kcna2-as_rn_1	87.8	499	-3	1783	287	1	499	5.2e-249	862.1
kcna2-as_rn_1	87.4	499	-3	1783	287	1	499	1.3e-247	857.4
SNHG4_hg_1	68.9	74	2	698	919	44	117	3.8e-23	110.5
SNHG4_hg_1	59.1	88	3	726	977	99	186	4.7e-21	103.6
SNHG4_hg_1	75.4	69	3	726	932	74	142	1.0e-20	102.4
SNHG4_hg_1	72.5	69	3	726	932	110	178	8.3e-18	92.8
SNHG4_hg_1	76.5	51	2	725	877	319	369	2.0e-16	88.2
dhrs4-as1_hg_1	100.0	65	-3	2258	2064	1	65	6.7e-33	144.4
dhrs4-as1_hg_1	62.5	104	-1	1423	1115	96	195	1.3e-25	120.2
dhrs4-as1_hg_1	61.8	89	-1	1411	1145	989	1077	4.3e-24	115.2
dhrs4-as1_hg_1	74.3	70	-1	1399	1193	323	392	3.1e-22	109.0
dhrs4-as1_hg_1	100.0	43	-1	409	281	1	43	1.5e-16	90.1
SPRY4-IT1_hg_1	81.1	37	2	11	121	45	81	1.7e-08	61.2
SPRY4-IT1_hg_1	73.0	37	-1	120	10	36	72	1.1e-07	58.5
SPRY4-IT1_hg_1	73.0	37	2	11	121	129	165	4.2e-07	56.6
SPRY4-IT1_hg_1	75.7	37	2	11	121	151	187	4.2e-07	56.6
SPRY4-IT1_hg_1	67.6	37	2	11	121	32	68	1.8e-05	51.2
disc2_homosapiens_1	72.3	83	-1	3168	2932	108	189	3.1e-22	111.3
disc2_homosapiens_1	69.1	81	-1	3168	2941	1000	1079	5.4e-19	100.5
disc2_homosapiens_1	64.1	78	-1	3183	2965	325	402	4.6e-18	97.4
disc2_homosapiens_1	56.0	75	-2	7862	7638	43	117	2.5e-16	91.7
disc2_homosapiens_1	65.2	66	-3	7807	7610	107	172	6.2e-15	87.0
lncsca7_hg_1	100.0	97	1	343	633	1	97	1.7e-51	206.5
lncsca7_hg_1	93.8	97	1	343	633	1	97	1.8e-48	196.4
lncsca7_hg_1	73.0	63	1	337	525	1	63	4.6e-20	102.1
lncsca7_hg_1	73.0	63	1	337	525	1	63	4.6e-20	102.1
lncsca7_hg_1	60.3	63	1	337	525	1	63	1.5e-15	87.0
lncsca7_mm_1	100.0	97	2	305	595	1	97	1.3e-51	206.8
lncsca7_mm_1	93.8	97	2	305	595	1	97	1.8e-48	196.4
lncsca7_mm_1	74.6	63	2	299	487	1	63	1.2e-20	104.0
lncsca7_mm_1	74.6	63	2	299	487	1	63	1.2e-20	104.0
lncsca7_mm_1	61.9	63	2	299	487	1	63	3.9e-16	89.0
PRNCR1_hg_1	67.2	64	-1	1230	1039	395	458	1.7e-14	82.0
PRNCR1_hg_1	80.0	45	-1	1227	1093	390	434	7.0e-13	76.6
PRNCR1_hg_1	63.6	44	-1	1230	1099	415	458	2.0e-07	58.5
ncr-upar_homosapiens_1	69.0	71	-1	330	118	319	389	3.4e-23	109.4
ncr-upar_homosapiens_1	64.6	65	-1	312	118	995	1058	2.8e-17	89.7
ncr-upar_homosapiens_1	68.9	61	-1	300	118	107	165	1.5e-15	84.0
ncr-upar_homosapiens_1	51.1	88	-2	314	54	79	165	4.1e-13	75.9
ncr-upar_homosapiens_1	84.6	39	-1	330	214	2	40	1.2e-12	74.3
lncrna-mvih_hg_1	59.2	49	3	228	374	1032	1079	7.8e-04	47.4
pvt1_hg_1	52.9	121	1	505	867	62	174	2.3e-22	108.6
pvt1_hg_1	66.2	80	1	577	813	1	80	1.1e-19	99.8
pvt1_hg_1	63.0	81	1	541	783	99	179	9.0e-19	96.7
pvt1_hg_1	68.6	70	1	541	750	110	179	7.1e-16	87.0
pvt1_hg_1	63.9	61	3	552	734	57	117	3.9e-14	81.3
anril_homosapiens_1	53.8	52	-3	1407	1252	1141	1191	4.7e-07	58.9
anril_homosapiens_1	75.8	33	-2	1366	1268	472	504	1.0e-06	57.8
anril_homosapiens_1	64.7	34	-2	1363	1262	504	537	1.7e-04	50.4
anril_homosapiens_1	69.7	33	-3	1371	1273	1	33	1.7e-04	50.4
anril_homosapiens_1	75.9	29	-2	1363	1277	646	674	2.8e-04	49.7
WT1-AS_hg_1	100.0	78	3	1146	1379	1	78	3.7e-39	164.9
beta-mhc-as-transcripts_mm_1	99.2	252	3	1023	1778	381	632	1.4e-142	509.2
beta-mhc-as-transcripts_mm_1	96.5	255	3	1023	1787	381	635	4.1e-139	497.7
beta-mhc-as-transcripts_mm_1	96.1	257	3	1023	1793	383	638	1.3e-137	492.7
beta-mhc-as-transcripts_mm_1	92.2	256	3	1023	1790	381	636	1.8e-134	482.3
beta-mhc-as-transcripts_mm_1	93.3	255	3	1023	1781	381	635	2.3e-134	481.9
TEA-ncRNAs_hg_1	95.1	41	1	382	504	1	41	7.4e-14	78.6
TEA-ncRNAs_hg_1	61.0	41	1	382	504	1	41	1.1e-06	54.7
VegT-RNA_xl_1	97.4	455	3	57	1421	1	455	3.1e-268	926.0
VegT-RNA_xl_1	90.3	455	3	57	1421	1	455	6.5e-250	865.1
VegT-RNA_xl_1	89.5	455	3	57	1421	1	455	1.8e-247	857.1
VegT-RNA_xl_1	87.3	455	3	57	1421	1	454	4.4e-238	825.9
VegT-RNA_xl_1	53.8	359	3	105	1148	5	352	2.7e-94	348.2
krasp1_homosapiens_1	61.5	122	3	417	755	69	188	1.4e-31	138.3
krasp1_homosapiens_1	62.1	124	3	417	755	69	188	1.4e-31	138.3
krasp1_homosapiens_1	62.3	122	3	417	755	69	188	1.8e-31	137.9
krasp1_homosapiens_1	62.1	124	3	417	755	69	188	3.9e-31	136.7
krasp1_homosapiens_1	62.0	121	3	417	755	69	187	1.1e-30	135.2
linc00467_hg_1	100.0	20	3	570	629	1	20	6.9e-04	46.6
coolair_arabidopsisthaliana_1	100.0	61	-1	297	115	1	61	5.4e-24	112.8
coolair_arabidopsisthaliana_1	83.6	61	-1	297	115	1	61	4.7e-20	99.8
coolair_arabidopsisthaliana_1	83.6	61	-1	297	115	1	61	4.7e-20	99.8
coolair_arabidopsisthaliana_1	75.0	64	-1	297	106	1	64	1.2e-18	95.1
coolair_arabidopsisthaliana_1	69.5	59	-1	297	121	1	59	2.0e-15	84.3
bx118339_homosapiens_1	65.9	41	-3	126	4	35	72	2.8e-09	63.9
bx118339_homosapiens_1	66.7	36	-3	120	13	65	99	4.4e-07	56.6
bx118339_homosapiens_1	64.9	37	-3	123	13	13	46	3.7e-06	53.5
linc1610_musmusculus_3	56.2	48	3	480	623	4	51	2.9e-06	54.3
evf2_homosapiens_2	82.5	57	3	165	335	61	117	2.7e-23	113.2
evf2_homosapiens_2	61.0	82	1	172	417	84	165	2.6e-18	96.7
evf2_homosapiens_2	61.0	82	1	178	420	1	82	2.2e-17	93.6
evf2_homosapiens_2	65.7	70	1	175	384	110	179	4.6e-15	85.9
evf2_homosapiens_2	67.3	55	-3	440	276	28	82	1.5e-13	80.9
antipeg11_musmusculus_1	96.6	443	-1	2301	973	851	1293	2.9e-254	879.4
antipeg11_musmusculus_1	62.9	450	-1	2301	979	597	1029	1.6e-156	554.7
antipeg11_musmusculus_1	58.8	451	-1	2301	973	583	1020	4.1e-144	513.5
antipeg11_musmusculus_1	24.4	357	-1	2127	1102	484	823	6.6e-25	117.5
antipeg11_musmusculus_1	24.4	357	-1	2127	1102	484	823	6.6e-25	117.5
dlx1as_musmusculus_1	88.0	83	-1	2520	2272	92	172	1.8e-29	132.9
dlx1as_musmusculus_1	88.0	83	-1	2520	2272	92	172	1.8e-29	132.9
dlx1as_musmusculus_1	94.2	69	-1	2478	2272	104	172	5.0e-27	124.8
dlx1as_musmusculus_1	66.0	100	-1	2571	2272	76	169	1.6e-25	119.8
dlx1as_musmusculus_1	89.4	66	-1	2469	2272	28	93	1.0e-24	117.1
kcnq1ot1_homosapiens_1	47.0	264	2	58253	58981	978	1231	1.9e-43	183.7
kcnq1ot1_homosapiens_1	38.1	265	3	57543	58271	730	982	1.5e-35	157.5
kcnq1ot1_homosapiens_1	37.5	256	2	58253	58981	985	1237	5.3e-33	149.1
kcnq1ot1_homosapiens_1	54.5	101	1	51796	52086	72	171	4.5e-16	92.8
kcnq1ot1_homosapiens_1	69.2	52	-3	20081	19926	319	370	7.2e-14	85.5
igf2as_musmusculus_1	68.3	60	-3	4221	4042	77	136	2.4e-13	80.1
ccat1_hg_1	60.5	43	-3	1023	895	75	117	7.5e-07	57.8
ccat1_hg_1	78.6	28	-3	1080	997	99	126	4.1e-05	52.0
ccat1_hg_1	83.3	24	-2	1060	989	107	130	1.2e-04	50.4
ccat1_hg_1	84.0	25	-3	1071	997	8	32	2.0e-04	49.7
VAI-and-VAII-RNAs_adv_1	98.1	54	1	1	162	63	116	2.3e-25	115.2
linc00299_hg_1	95.1	41	1	325	447	71	111	6.3e-16	87.4
SRA_hg_1	83.9	236	1	607	1314	1	236	1.3e-106	388.7
SRA_hg_1	71.3	237	1	607	1314	1	232	4.4e-86	320.5
SRA_hg_1	70.0	237	1	607	1314	1	231	2.2e-82	308.1
SRA_hg_1	37.2	78	1	997	1227	1194	1271	1.1e-04	50.1
SRA_hg_1	32.4	105	1	916	1227	1142	1245	1.4e-04	49.7
linc1609_musmusculus_2	62.1	29	-3	1087	1001	43	71	4.1e-04	47.4
mt-lipcar_hg_1	63.6	132	1	1	396	1	132	3.6e-39	163.3
mt-lipcar_hg_1	62.1	132	1	1	396	1	132	1.3e-38	161.4
mt-lipcar_hg_1	61.4	132	1	1	396	1	132	6.7e-38	159.1
mt-lipcar_hg_1	61.4	132	1	1	396	1	132	1.9e-37	157.5
mt-lipcar_hg_1	61.4	132	1	1	396	1	132	1.9e-37	157.5
lust_homosapiens_1	80.0	40	3	1146	1265	323	362	1.7e-12	75.5
lust_homosapiens_1	57.6	59	3	1101	1277	44	100	2.5e-11	71.6
lust_homosapiens_1	53.2	79	3	1146	1382	18	82	5.6e-11	70.5
lust_homosapiens_1	71.4	42	3	1152	1277	995	1036	9.5e-11	69.7
lust_homosapiens_1	78.9	38	3	1152	1265	794	831	2.8e-10	68.2
THRIL_hg_1	51.6	93	-3	998	720	79	171	2.4e-16	89.4
THRIL_hg_1	50.7	75	-2	1038	820	45	117	1.5e-10	70.1
THRIL_hg_1	78.4	37	1	739	849	36	72	1.5e-10	70.1
THRIL_hg_1	71.1	45	1	706	840	2	46	1.5e-10	70.1
THRIL_hg_1	78.9	38	-3	848	735	151	188	3.8e-09	65.5
THRIL_hg_2	50.0	90	2	521	790	82	171	1.5e-14	82.8
THRIL_hg_2	78.4	37	-3	771	661	36	72	1.0e-10	70.1
THRIL_hg_2	71.1	45	-3	804	670	2	46	1.0e-10	70.1
THRIL_hg_2	78.9	38	2	662	775	151	188	2.6e-09	65.5
THRIL_hg_2	60.4	53	1	508	663	323	375	2.2e-08	62.4
p53-mrna_hg_1	93.1	393	3	198	1376	1	393	1.1e-214	748.0
p53-mrna_hg_1	89.8	393	3	198	1376	1	393	3.9e-207	723.0
p53-mrna_hg_1	89.6	393	3	198	1376	1	393	8.6e-207	721.8
p53-mrna_hg_1	89.6	393	3	198	1376	1	393	8.6e-207	721.8
p53-mrna_hg_1	89.6	393	3	198	1376	1	393	8.6e-207	721.8
neat1_homosapiens_2	41.8	213	-2	9206	8577	987	1194	2.6e-28	132.1
neat1_homosapiens_2	34.1	211	-2	9206	8577	994	1200	5.3e-18	97.8
neat1_homosapiens_2	61.9	84	-1	16854	16603	83	165	2.2e-16	92.4
neat1_homosapiens_2	64.2	67	-1	20085	19885	50	116	8.5e-16	90.5
neat1_homosapiens_2	59.3	86	-1	16845	16591	1	85	8.5e-16	90.5
ncran_hg_1	48.3	89	2	1361	1603	79	161	2.5e-09	65.9
ncran_hg_1	65.2	46	3	1386	1523	69	114	2.1e-08	62.8
ncran_hg_1	75.8	33	-1	1611	1513	67	99	3.6e-08	62.0
ncran_hg_1	43.4	99	1	1345	1611	99	192	6.2e-08	61.2
ncran_hg_1	69.4	36	3	1386	1493	335	370	1.8e-07	59.7
ntt_homosapiens_1	63.6	88	-2	13919	13656	82	169	5.7e-20	104.0
ntt_homosapiens_1	61.6	73	-1	13968	13750	45	117	1.4e-18	99.4
ntt_homosapiens_1	64.4	73	-2	13919	13701	107	179	1.0e-16	93.2
ntt_homosapiens_1	62.2	74	-2	13898	13680	4	77	2.1e-14	85.5
ntt_homosapiens_1	73.1	52	-1	13944	13789	319	370	1.4e-13	82.8
ICR1_sacCer_1	100.0	100	3	2526	2825	1	100	3.9e-52	208.4
ICR1_sacCer_1	100.0	80	-2	2166	1927	1	80	3.5e-40	168.7
ccdc26_hg_1	100.0	109	1	424	750	1	109	2.7e-55	218.0
ccdc26_hg_2	100.0	109	1	199	525	1	109	2.3e-55	218.0
ccdc26_hg_3	100.0	109	3	345	671	1	109	1.4e-55	218.0
SUT719_sacCer_1	100.0	302	-1	1044	139	1	302	1.5e-169	597.4
SUT719_sacCer_1	36.4	297	-1	1026	139	3	270	2.0e-41	171.8
SUT719_sacCer_1	32.1	277	-1	1020	196	7	265	1.8e-21	105.5
SUT719_sacCer_1	32.8	195	-1	1005	430	12	205	7.1e-18	93.6
linc00970_hg_1	67.4	86	1	661	906	105	190	1.0e-26	122.5
linc00970_hg_1	62.6	91	1	607	852	53	143	9.7e-22	105.9
linc00970_hg_1	78.0	59	3	660	836	59	117	8.2e-21	102.8
linc00970_hg_1	82.8	64	1	661	852	116	179	2.4e-20	101.3
linc00970_hg_1	76.1	46	3	660	797	995	1040	1.0e-15	85.9
SCA8_hg_1	84.8	191	3	180	752	10	200	3.7e-90	333.6
SCA8_hg_1	72.8	162	-2	487	2	1	162	5.8e-59	229.9
SCA8_hg_1	61.2	165	-2	487	2	1	165	5.7e-46	186.8
SCA8_hg_1	46.3	67	-2	487	293	1	62	4.1e-04	47.8
linc00568_homosapiens_1	78.1	32	2	209	301	36	67	2.9e-06	53.5
linc00568_homosapiens_1	62.9	35	2	200	301	10	44	7.8e-04	45.4
tincr_hg_1	51.2	84	-3	2476	2225	82	165	9.6e-10	67.8
tincr_hg_1	44.2	86	2	2129	2356	460	545	1.3e-09	67.4
tincr_hg_1	46.5	71	-2	2501	2289	319	389	6.2e-09	65.1
tincr_hg_1	90.6	32	2	2222	2317	306	337	1.8e-08	63.5
tincr_hg_1	85.3	34	3	2241	2342	1158	1191	1.8e-08	63.5
CYP4A22-AS1_hg_1	75.0	52	-3	778	623	121	172	1.0e-13	79.0
CYP4A22-AS1_hg_1	62.5	56	3	612	779	25	80	1.0e-13	79.0
CYP4A22-AS1_hg_1	52.4	82	-3	838	623	114	194	8.8e-13	75.9
CYP4A22-AS1_hg_1	68.8	48	2	398	541	1228	1275	9.7e-12	72.4
CYP4A22-AS1_hg_1	69.6	46	-3	778	641	37	82	2.2e-11	71.2
panda_homosapiens_1	92.1	190	-2	1376	807	10	199	2.3e-95	350.9
panda_homosapiens_1	81.0	189	-2	1373	807	11	199	6.3e-85	316.2
panda_homosapiens_1	79.9	189	-2	1373	807	11	199	5.3e-84	313.2
panda_homosapiens_1	79.9	189	-2	1373	807	11	199	2.9e-82	307.4
panda_homosapiens_1	75.0	140	-2	419	3	331	470	7.3e-57	223.0
GHET1_hg_1	76.7	60	3	1644	1823	1063	1122	1.4e-17	92.8
GHET1_hg_1	60.0	60	3	1644	1823	1070	1129	1.2e-13	79.7
GHET1_hg_1	58.5	53	2	1517	1675	1017	1069	9.6e-11	70.1
GHET1_hg_1	72.7	33	3	1725	1823	288	320	1.6e-05	52.8
GHET1_hg_2	76.7	60	1	1615	1794	1063	1122	8.3e-18	93.6
GHET1_hg_2	60.0	60	1	1615	1794	1070	1129	7.3e-14	80.5
GHET1_hg_2	58.5	53	3	1488	1646	1017	1069	9.8e-11	70.1
GHET1_hg_2	72.7	33	1	1696	1794	288	320	9.5e-06	53.5
lincrna-ror_homosapiens_1	93.1	72	1	1	216	13	84	5.1e-34	147.9
lincrna-ror_homosapiens_1	65.2	66	2	2258	2455	1058	1123	6.3e-16	87.8
lincrna-ror_homosapiens_1	63.3	60	2	2276	2455	1071	1130	2.9e-13	79.0
lincrna-ror_homosapiens_1	59.6	52	2	2285	2440	1066	1117	1.7e-08	63.2
lincrna-ror_homosapiens_1	54.0	50	2	2351	2500	287	334	8.5e-05	50.8
msur1_musmusculus_1	100.0	29	1	1102	1188	1	29	6.1e-10	67.4
emx2os_homosapiens_1	80.0	90	-3	3059	2790	72	161	2.7e-32	143.7
emx2os_homosapiens_1	70.9	86	-3	3071	2814	93	178	1.3e-26	124.8
emx2os_homosapiens_1	70.9	86	3	5787	6044	110	194	9.4e-25	118.6
emx2os_homosapiens_1	69.4	85	3	5766	6020	995	1079	2.7e-24	117.1
emx2os_homosapiens_1	80.3	71	-3	3056	2844	109	179	3.9e-23	113.2
ara_hg_1	33.3	78	2	377	610	268	345	3.6e-04	49.7
ara_hg_1	33.3	78	2	377	610	276	353	3.6e-04	49.7
dbet_hg_1	47.4	215	1	730	1374	198	411	9.9e-38	160.6
dbet_hg_1	47.0	215	1	730	1374	198	411	1.3e-37	160.2
dbet_hg_1	47.0	215	1	730	1374	198	411	1.3e-37	160.2
dbet_hg_1	47.0	215	1	730	1374	198	411	1.3e-37	160.2
dbet_hg_1	47.0	215	1	730	1374	198	411	1.3e-37	160.2
lnc-dc_hg_1	64.7	51	2	56	199	10	60	1.4e-10	67.4
lnc-dc_hg_1	62.1	29	2	113	199	41	69	3.4e-04	46.2
gi|142381414|ref|NR_002860.2|	37.3	271	1	2041	2772	362	618	1.9e-33	146.4
gi|142381414|ref|NR_002860.2|	37.2	269	1	2050	2772	261	516	1.1e-31	140.6
gi|142381414|ref|NR_002860.2|	38.0	266	1	2050	2772	404	659	1.8e-31	139.8
gi|142381414|ref|NR_002860.2|	41.7	168	1	2296	2772	497	656	3.4e-22	109.0
gi|142381414|ref|NR_002860.2|	39.4	180	1	2290	2787	1037	1204	2.5e-20	102.8
gi|74189920|dbj|AK141205.1|	78.4	134	-3	2024	1623	217	350	9.7e-52	206.8
gi|74189920|dbj|AK141205.1|	42.5	87	-3	2024	1764	217	298	6.6e-08	61.2
gi|74189920|dbj|AK141205.1|	55.6	36	3	330	437	40	75	6.8e-05	51.2
gi|74189920|dbj|AK141205.1|	68.4	38	-1	559	446	64	100	8.9e-05	50.8
gi|74189920|dbj|AK141205.1|	68.4	38	-1	559	446	64	100	8.9e-05	50.8
gi|74181733|dbj|AK154427.1|	90.5	42	-2	235	116	131	172	6.1e-13	77.0
gi|74181733|dbj|AK154427.1|	78.3	46	-2	247	116	127	172	1.0e-12	76.3
gi|74181733|dbj|AK154427.1|	88.1	42	-2	235	116	130	171	1.8e-12	75.5
gi|74181733|dbj|AK154427.1|	73.9	46	-2	247	116	127	172	1.1e-11	72.8
gi|74181733|dbj|AK154427.1|	73.8	42	-2	235	116	131	172	2.2e-10	68.6
gi|322506107|ref|NR_037803.1|	73.8	42	-1	225	100	504	545	3.5e-10	67.0
gi|322506107|ref|NR_037803.1|	87.9	33	-1	228	130	472	504	6.0e-10	66.2
gi|322506107|ref|NR_037803.1|	62.8	43	2	23	151	75	117	9.6e-08	58.9
gi|322506107|ref|NR_037803.1|	82.1	28	-1	225	142	646	673	4.1e-06	53.5
gi|322506107|ref|NR_037803.1|	65.7	35	-2	227	123	3	37	6.9e-06	52.8
gi|310689052|ref|NG_001085.2|	96.9	32	-2	97	2	1213	1244	1.4e-12	73.9
gi|310689052|ref|NG_001085.2|	63.6	33	-2	100	2	1218	1250	3.0e-07	56.2
gi|310689052|ref|NG_001085.2|	55.9	34	-2	100	2	1211	1244	6.3e-05	48.5
gi|288557323|ref|NR_002832.2|	98.7	76	-2	596	369	35	110	2.4e-35	152.1
gi|288557323|ref|NR_002832.2|	98.7	76	-2	596	369	35	110	2.4e-35	152.1
gi|288557323|ref|NR_002832.2|	98.7	76	-2	596	369	35	110	2.4e-35	152.1
gi|288557323|ref|NR_002832.2|	98.7	76	-2	596	369	35	110	2.4e-35	152.1
gi|288557323|ref|NR_002832.2|	98.7	76	-2	596	369	35	110	2.4e-35	152.1
gi|49256610|gb|BC073902.1|	73.9	226	-3	763	167	77	302	2.3e-81	303.5
gi|49256610|gb|BC073902.1|	71.7	226	-3	763	167	77	302	2.2e-79	297.0
gi|49256610|gb|BC073902.1|	62.4	226	-3	763	167	77	302	1.5e-67	257.7
gi|49256610|gb|BC073902.1|	61.1	226	-3	763	167	77	302	1.2e-66	254.6
gi|49256610|gb|BC073902.1|	46.5	144	3	309	740	1	105	1.4e-22	108.2
gi|157909829:5001-53549	68.1	182	1	10414	10956	285	435	2.5e-49	203.0
gi|157909829:5001-53549	68.1	182	1	10414	10956	285	435	2.5e-49	203.0
gi|157909829:5001-53549	68.1	182	1	10414	10956	285	435	2.5e-49	203.0
gi|157909829:5001-53549	67.6	182	1	10414	10956	285	435	9.6e-49	201.1
gi|157909829:5001-53549	64.3	182	1	10414	10956	285	435	8.4e-45	188.0
gi|225703128|ref|NR_003529.3|	53.8	52	-3	1407	1252	1141	1191	4.7e-07	58.9
gi|225703128|ref|NR_003529.3|	75.8	33	-2	1366	1268	472	504	1.0e-06	57.8
gi|225703128|ref|NR_003529.3|	64.7	34	-2	1363	1262	504	537	1.7e-04	50.4
gi|225703128|ref|NR_003529.3|	69.7	33	-3	1371	1273	1	33	1.7e-04	50.4
gi|225703128|ref|NR_003529.3|	75.9	29	-2	1363	1277	646	674	2.8e-04	49.7
gi|345842381|ref|NR_002733.2|	60.9	184	2	128	679	2236	2419	2.1e-56	222.6
gi|345842381|ref|NR_002733.2|	52.5	183	2	128	676	2251	2433	4.0e-47	191.8
gi|345842381|ref|NR_002733.2|	34.3	175	2	161	676	2168	2326	1.9e-20	103.2
gi|345842381|ref|NR_002733.2|	33.1	175	2	161	676	1393	1551	5.4e-20	101.7
gi|345842381|ref|NR_002733.2|	32.0	175	2	161	676	2169	2327	1.3e-18	97.1
gi|227497462|ref|NR_002854.2|	88.0	83	-1	2520	2272	92	172	1.8e-29	132.9
gi|227497462|ref|NR_002854.2|	88.0	83	-1	2520	2272	92	172	1.8e-29	132.9
gi|227497462|ref|NR_002854.2|	94.2	69	-1	2478	2272	104	172	5.0e-27	124.8
gi|227497462|ref|NR_002854.2|	66.0	100	-1	2571	2272	76	169	1.6e-25	119.8
gi|227497462|ref|NR_002854.2|	89.4	66	-1	2469	2272	28	93	1.0e-24	117.1
gi|164565443|ref|NM_010054.2|	74.7	332	3	363	1358	1	332	9.7e-131	469.2
gi|164565443|ref|NM_010054.2|	71.5	333	3	363	1358	1	328	1.4e-121	438.7
gi|164565443|ref|NM_010054.2|	54.5	332	3	363	1358	1	285	1.3e-79	299.3
gi|164565443|ref|NM_010054.2|	51.8	332	3	363	1358	1	270	9.5e-70	266.5
gi|164565443|ref|NM_010054.2|	59.6	223	3	363	1031	1	193	6.6e-63	243.8
gi|339409208|ref|NR_040279.1|	100.0	26	-2	222	145	70	95	7.6e-07	57.0
gi|213417936|ref|NR_015448.1|	82.5	57	3	165	335	61	117	1.1e-23	113.2
gi|213417936|ref|NR_015448.1|	61.0	82	1	172	417	84	165	1.0e-18	96.7
gi|213417936|ref|NR_015448.1|	61.0	82	1	178	420	1	82	8.8e-18	93.6
gi|213417936|ref|NR_015448.1|	65.7	70	1	175	384	110	179	1.8e-15	85.9
gi|213417936|ref|NR_015448.1|	67.3	55	-3	440	276	28	82	5.9e-14	80.9
gi|105554499|ref|NR_002791.2|	80.0	90	-3	3059	2790	72	161	2.7e-32	143.7
gi|105554499|ref|NR_002791.2|	70.9	86	-3	3071	2814	93	178	1.3e-26	124.8
gi|105554499|ref|NR_002791.2|	70.9	86	3	5787	6044	110	194	9.4e-25	118.6
gi|105554499|ref|NR_002791.2|	69.4	85	3	5766	6020	995	1079	2.7e-24	117.1
gi|105554499|ref|NR_002791.2|	80.3	71	-3	3056	2844	109	179	3.9e-23	113.2
gi|296142689|ref|NM_001178367.1|	100.0	699	1	1	2097	1	699	0.0e+00	1438.7
gi|296142689|ref|NM_001178367.1|	56.8	694	1	25	2094	2	685	1.8e-231	803.5
gi|296142689|ref|NM_001178367.1|	52.9	699	1	40	2094	4	686	3.2e-204	713.0
gi|296142689|ref|NM_001178367.1|	52.3	688	1	40	2079	8	685	1.4e-202	707.6
gi|296142689|ref|NM_001178367.1|	62.5	344	1	40	1071	9	348	5.9e-121	436.4
gi|378404907|ref|NM_001256799.1|	100.0	325	1	229	1203	11	335	1.3e-188	660.6
gi|378404907|ref|NM_001256799.1|	99.1	325	1	229	1203	11	335	7.1e-187	654.8
gi|378404907|ref|NM_001256799.1|	96.6	325	1	229	1203	9	333	4.0e-182	639.0
gi|378404907|ref|NM_001256799.1|	96.0	325	1	229	1203	9	333	7.6e-181	634.8
gi|378404907|ref|NM_001256799.1|	95.7	325	1	229	1203	9	333	2.2e-180	633.3
gi|322506096|ref|NM_001203247.1|	90.9	745	2	194	2428	1	745	0.0e+00	1386.3
gi|322506096|ref|NM_001203247.1|	90.7	745	2	194	2428	1	745	0.0e+00	1384.4
gi|322506096|ref|NM_001203247.1|	89.3	745	2	194	2428	1	745	0.0e+00	1366.3
gi|322506096|ref|NM_001203247.1|	85.7	747	2	194	2428	1	747	0.0e+00	1312.0
gi|322506096|ref|NM_001203247.1|	84.7	747	2	194	2428	1	747	0.0e+00	1298.1
gi|68468077|ref|XM_716785.1|	70.4	714	1	1	2142	1	714	3.0e-274	945.7
gi|68468077|ref|XM_716785.1|	38.2	173	1	46	564	117	263	1.4e-24	116.3
gi|68468077|ref|XM_716785.1|	52.0	75	1	25	246	57	128	6.4e-14	80.9
gi|68468077|ref|XM_716785.1|	36.2	163	1	4	474	184	328	3.5e-12	75.1
gi|68468077|ref|XM_716785.1|	31.1	180	1	31	561	1	169	5.1e-11	71.2
gi|261278335|ref|NR_001461.5|	77.2	778	2	73259	75571	305	1076	0.0e+00	1166.8
gi|261278335|ref|NR_001461.5|	61.4	598	2	73778	75571	472	1069	5.6e-222	777.3
gi|261278335|ref|NR_001461.5|	59.4	598	2	73778	75571	471	1068	5.4e-217	760.8
gi|261278335|ref|NR_001461.5|	72.6	168	2	76964	77467	187	354	5.3e-63	249.2
gi|261278335|ref|NR_001461.5|	40.1	147	2	77012	77452	181	327	1.4e-23	118.2
gi|346227181|ref|NR_024065.2|	98.9	94	3	990	1271	1	94	7.5e-50	200.7
gi|388890243|ref|NR_051960.1|	78.1	32	2	209	301	36	67	2.9e-06	53.5
gi|388890243|ref|NR_051960.1|	62.9	35	2	200	301	10	44	7.8e-04	45.4
gi|354459380|ref|NR_045388.1|	80.0	40	3	1146	1265	323	362	1.7e-12	75.5
gi|354459380|ref|NR_045388.1|	57.6	59	3	1101	1277	44	100	2.5e-11	71.6
gi|354459380|ref|NR_045388.1|	53.2	79	3	1146	1382	18	82	5.6e-11	70.5
gi|354459380|ref|NR_045388.1|	71.4	42	3	1152	1277	995	1036	9.5e-11	69.7
gi|354459380|ref|NR_045388.1|	78.9	38	3	1152	1265	794	831	2.8e-10	68.2
gi|224994261|ref|NR_027350.1|	100.0	70	2	632	841	1	70	9.0e-35	151.4
gi|224994261|ref|NR_027350.1|	75.5	49	-1	3545	3399	110	158	6.9e-11	72.0
gi|224994261|ref|NR_027350.1|	62.7	51	-3	3543	3391	320	370	2.0e-10	70.5
gi|224994261|ref|NR_027350.1|	43.3	97	-1	3554	3273	96	192	1.3e-09	67.8
gi|224994261|ref|NR_027350.1|	66.0	47	-3	3540	3400	99	144	1.7e-09	67.4
gi|256773191|ref|NR_028375.1|	69.0	71	-2	797	585	319	389	7.2e-23	109.4
gi|256773191|ref|NR_028375.1|	64.6	65	-2	779	585	995	1058	5.9e-17	89.7
gi|256773191|ref|NR_028375.1|	68.9	61	-2	767	585	107	165	3.2e-15	84.0
gi|256773191|ref|NR_028375.1|	51.1	88	-3	781	521	79	165	8.8e-13	75.9
gi|256773191|ref|NR_028375.1|	84.6	39	-2	797	681	2	40	2.6e-12	74.3
gi|393541050|ref|NR_030769.2|	90.5	105	-3	317	3	140	244	7.5e-46	188.0
gi|393541050|ref|NR_030769.2|	90.5	105	-3	317	3	140	244	7.5e-46	188.0
gi|393541050|ref|NR_030769.2|	89.5	105	-3	317	3	140	244	6.3e-45	184.9
gi|393541050|ref|NR_030769.2|	87.6	105	-3	317	3	137	240	1.7e-42	176.8
gi|393541050|ref|NR_030769.2|	82.9	105	-3	317	3	81	185	1.5e-41	173.7
gi|350539830|ref|NR_045262.1|	71.2	156	2	1502	1969	529	684	1.8e-58	228.8
gi|350539830|ref|NR_045262.1|	26.8	157	2	1502	1969	189	345	9.4e-12	73.6
gi|350539830|ref|NR_045262.1|	55.1	69	-2	1367	1167	321	389	1.6e-11	72.8
gi|350539830|ref|NR_045262.1|	45.8	96	-3	1372	1091	74	169	2.3e-10	68.9
gi|350539830|ref|NR_045262.1|	70.5	44	2	1109	1240	504	547	8.8e-10	67.0
gi|291084509|ref|NR_028370.1|	100.0	71	-1	213	1	1	71	2.4e-33	142.9
gi|291084509|ref|NR_028370.1|	100.0	71	-1	213	1	1	71	2.4e-33	142.9
gi|291084509|ref|NR_028370.1|	100.0	71	-1	213	1	1	71	2.4e-33	142.9
gi|291084509|ref|NR_028370.1|	98.6	71	-1	213	1	1	71	7.1e-33	141.4
gi|291084509|ref|NR_028370.1|	97.2	71	-1	213	1	1	71	9.3e-33	141.0
gi|336455108|ref|NR_038892.1|	83.2	107	-3	892	572	1	107	4.3e-44	180.6
gi|336455108|ref|NR_038892.1|	83.2	107	-3	892	572	1	107	4.3e-44	180.6
gi|336455108|ref|NR_038892.1|	83.2	107	-3	892	572	1	107	4.3e-44	180.6
gi|336455108|ref|NR_038892.1|	83.2	107	-3	892	572	1	107	4.3e-44	180.6
gi|336455108|ref|NR_038892.1|	83.2	107	-3	892	572	1	107	4.3e-44	180.6
gi|224589801:24536051-24544975	76.5	98	-1	1548	1255	72	169	1.1e-32	145.2
gi|224589801:24536051-24544975	73.5	83	-1	1506	1261	1	83	3.9e-25	120.2
gi|224589801:24536051-24544975	70.2	84	-1	1551	1300	96	179	8.8e-25	119.0
gi|224589801:24536051-24544975	73.1	67	-3	1549	1349	51	117	9.1e-22	109.0
gi|224589801:24536051-24544975	77.5	71	-1	1545	1333	109	179	1.2e-21	108.6
gi|193211483|ref|NR_023917.1|	91.3	402	2	773	1978	2	403	1.1e-218	761.9
gi|193211483|ref|NR_023917.1|	91.3	402	2	773	1978	2	403	1.1e-218	761.9
gi|193211483|ref|NR_023917.1|	91.0	402	2	773	1978	2	403	3.3e-218	760.4
gi|193211483|ref|NR_023917.1|	80.4	403	2	773	1978	2	402	5.7e-186	653.3
gi|193211483|ref|NR_023917.1|	50.2	201	2	779	1381	4	204	1.3e-57	226.9
gi|389886559|ref|NR_003367.2|	52.9	121	1	505	867	62	174	2.3e-22	108.6
gi|389886559|ref|NR_003367.2|	66.2	80	1	577	813	1	80	1.1e-19	99.8
gi|389886559|ref|NR_003367.2|	63.0	81	1	541	783	99	179	9.0e-19	96.7
gi|389886559|ref|NR_003367.2|	68.6	70	1	541	750	110	179	7.1e-16	87.0
gi|389886559|ref|NR_003367.2|	63.9	61	3	552	734	57	117	3.9e-14	81.3
gi|386642920|ref|NR_048536.1|	93.1	72	1	1	216	13	84	5.1e-34	147.9
gi|386642920|ref|NR_048536.1|	65.2	66	2	2258	2455	1058	1123	6.3e-16	87.8
gi|386642920|ref|NR_048536.1|	63.3	60	2	2276	2455	1071	1130	2.9e-13	79.0
gi|386642920|ref|NR_048536.1|	59.6	52	2	2285	2440	1066	1117	1.7e-08	63.2
gi|386642920|ref|NR_048536.1|	54.0	50	2	2351	2500	287	334	8.5e-05	50.8
gi|117553581|ref|NM_015056.2|	88.8	750	1	139	2388	9	758	0.0e+00	1278.1
gi|117553581|ref|NM_015056.2|	55.4	756	1	139	2388	9	724	2.1e-204	714.9
gi|117553581|ref|NM_015056.2|	56.1	330	1	139	1125	10	337	4.7e-100	368.2
gi|117553581|ref|NM_015056.2|	57.8	237	1	139	849	10	246	2.1e-79	299.7
gi|117553581|ref|NM_015056.2|	28.1	334	1	139	1125	40	361	8.3e-28	128.3
gi|170014694|ref|NR_002717.2|	84.8	191	3	180	752	10	200	3.7e-90	333.6
gi|170014694|ref|NR_002717.2|	72.8	162	-2	487	2	1	162	5.8e-59	229.9
gi|170014694|ref|NR_002717.2|	61.2	165	-2	487	2	1	165	5.7e-46	186.8
gi|170014694|ref|NR_002717.2|	46.3	67	-2	487	293	1	62	4.1e-04	47.8
gi|359298505|ref|NM_001035235.3|	83.9	236	3	606	1313	1	236	1.3e-106	388.7
gi|359298505|ref|NM_001035235.3|	71.3	237	3	606	1313	1	232	4.4e-86	320.5
gi|359298505|ref|NM_001035235.3|	70.0	237	3	606	1313	1	231	2.2e-82	308.1
gi|359298505|ref|NM_001035235.3|	37.2	78	3	996	1226	1194	1271	1.1e-04	50.1
gi|359298505|ref|NM_001035235.3|	32.4	105	3	915	1226	1142	1245	1.4e-04	49.7
gi|146149265|ref|NM_145831.3|	98.7	446	1	730	2067	116	561	3.4e-255	882.5
gi|146149265|ref|NM_145831.3|	89.2	446	1	730	2067	116	561	1.7e-230	800.4
gi|146149265|ref|NM_145831.3|	83.3	60	1	739	918	93	152	1.4e-22	109.8
gi|146149265|ref|NM_145831.3|	83.3	60	1	739	918	82	141	1.4e-22	109.8
gi|146149265|ref|NM_145831.3|	77.8	63	1	730	918	52	114	2.4e-22	109.0
gi|168823573|ref|NR_015381.1|	100.0	90	1	115	384	1	90	1.1e-48	194.9
gi|221136857|ref|NM_001143990.1|	91.5	532	3	156	1751	1	532	1.8e-291	1002.7
gi|221136857|ref|NM_001143990.1|	77.7	533	3	156	1751	1	524	1.1e-243	844.0
gi|221136857|ref|NM_001143990.1|	74.0	534	3	156	1751	1	518	1.5e-226	786.9
gi|221136857|ref|NM_001143990.1|	73.4	534	3	156	1751	1	518	9.3e-224	777.7
gi|221136857|ref|NM_001143990.1|	75.3	503	3	249	1751	29	522	1.0e-222	774.2
gi|383087740|ref|NR_001564.2|	81.8	33	3	5235	5333	13	45	1.6e-07	62.8
gi|383087740|ref|NR_001564.2|	57.1	56	-3	5374	5231	133	188	8.9e-06	57.0
gi|383087740|ref|NR_001564.2|	73.0	37	-3	5341	5231	130	166	7.5e-05	53.9
gi|383087740|ref|NR_001564.2|	69.7	33	3	5235	5333	36	68	9.8e-05	53.5
gi|213688400|ref|NR_024499.1|	100.0	34	-2	277	176	1	34	5.5e-11	71.6
gi|213688400|ref|NR_024499.1|	100.0	34	-2	277	176	1	34	5.5e-11	71.6
gi|213688400|ref|NR_024499.1|	100.0	34	-2	277	176	1	34	5.5e-11	71.6
gi|213688400|ref|NR_024499.1|	100.0	34	-2	277	176	1	34	5.5e-11	71.6
gi|213688400|ref|NR_024499.1|	94.1	34	-2	277	176	1	34	4.6e-10	68.6
gi|323276705|ref|NR_037853.1|	100.0	428	3	804	2087	1	428	2.4e-245	849.7
gi|323276705|ref|NR_037853.1|	100.0	428	3	804	2087	1	428	2.4e-245	849.7
gi|323276705|ref|NR_037853.1|	100.0	428	3	804	2087	1	428	2.4e-245	849.7
gi|323276705|ref|NR_037853.1|	100.0	428	3	804	2087	1	428	2.4e-245	849.7
gi|323276705|ref|NR_037853.1|	100.0	428	3	804	2087	1	428	2.4e-245	849.7
gi|195539323|ref|NR_024049.1|	59.5	42	1	718	843	12	53	6.0e-07	57.0
gi|195539323|ref|NR_024049.1|	63.9	36	1	736	843	323	358	1.8e-06	55.5
gi|195539323|ref|NR_024049.1|	45.8	59	1	667	843	61	119	2.3e-06	55.1
gi|195539323|ref|NR_024049.1|	57.8	45	1	706	840	783	826	8.7e-06	53.1
gi|195539323|ref|NR_024049.1|	61.8	34	1	745	846	996	1029	3.3e-05	51.2
gi|223278416|ref|NR_026783.1|	83.0	112	1	304	639	1	112	1.8e-50	203.0
gi|27881329|gb|BX118339.1|BX118339	65.9	41	-3	130	8	35	72	3.6e-09	63.5
gi|27881329|gb|BX118339.1|BX118339	66.7	36	-3	124	17	65	99	5.8e-07	56.2
gi|27881329|gb|BX118339.1|BX118339	64.9	37	-3	127	17	13	46	4.9e-06	53.1
gi|112421133|ref|NM_018958.2|	82.3	1156	1	475	3942	1	1156	0.0e+00	1801.2
gi|112421133|ref|NM_018958.2|	73.9	88	2	4643	4906	79	166	7.7e-28	129.0
gi|112421133|ref|NM_018958.2|	64.3	84	2	4667	4915	2	85	1.5e-20	104.8
gi|112421133|ref|NM_018958.2|	71.4	63	1	4633	4821	55	117	3.6e-17	93.6
gi|112421133|ref|NM_018958.2|	59.2	76	2	4643	4870	104	179	6.1e-17	92.8
gi|223972640|ref|NR_026939.1|	100.0	97	1	469	759	1	97	3.1e-52	208.8
gi|223972640|ref|NR_026939.1|	100.0	76	2	200	427	1	76	5.7e-38	161.4
gi|380748931|ref|NR_015379.3|	76.2	42	-1	235	110	24	65	1.0e-09	67.0
gi|380748931|ref|NR_015379.3|	41.3	63	2	485	673	1076	1135	3.4e-05	52.0
gi|380748931|ref|NR_015379.3|	41.3	63	2	485	673	205	264	5.8e-05	51.2
gi|380748931|ref|NR_015379.3|	47.3	55	2	146	310	4	54	7.6e-05	50.8
gi|380748931|ref|NR_015379.3|	39.7	63	2	485	673	1038	1097	6.4e-04	47.8
gi|339276056|ref|NR_040247.1|	84.0	50	-1	409	263	84	133	4.6e-16	88.2
gi|89363046|ref|NM_004938.2|	96.8	1430	1	376	4665	1	1430	0.0e+00	2794.6
gi|89363046|ref|NM_004938.2|	92.0	1430	1	376	4665	1	1430	0.0e+00	2681.0
gi|89363046|ref|NM_004938.2|	33.1	1442	1	403	4650	25	1424	2.5e-217	758.1
gi|89363046|ref|NM_004938.2|	63.9	352	1	376	1425	11	362	1.4e-127	459.9
gi|89363046|ref|NM_004938.2|	64.2	355	1	376	1425	11	362	1.2e-126	456.8
gi|213417681|ref|NR_002227.2|	56.0	75	-3	1439	1215	43	117	6.5e-17	91.7
gi|213417681|ref|NR_002227.2|	66.7	66	-1	1384	1187	107	172	7.2e-16	88.2
gi|213417681|ref|NR_002227.2|	61.3	75	-1	1384	1160	82	156	1.6e-15	87.0
gi|213417681|ref|NR_002227.2|	72.6	62	-1	1384	1199	118	179	2.8e-15	86.3
gi|213417681|ref|NR_002227.2|	60.6	71	-1	1369	1160	2	72	3.0e-14	82.8
gi|83715986|ref|NR_002605.1|	100.0	78	1	160	393	1	78	1.2e-40	168.3
gi|126091094|ref|NM_001081563.1|	91.7	576	2	734	2461	54	629	6.0e-306	1051.6
gi|126091094|ref|NM_001081563.1|	79.7	577	2	737	2461	55	631	9.6e-264	911.4
gi|126091094|ref|NM_001081563.1|	50.9	479	2	734	2149	54	521	6.5e-127	456.8
gi|126091094|ref|NM_001081563.1|	49.9	497	2	734	2164	60	543	2.5e-126	454.9
gi|126091094|ref|NM_001081563.1|	49.9	497	2	734	2164	60	543	2.5e-126	454.9
gi|336455114|ref|NR_038896.1|	62.2	74	-1	224	3	995	1067	4.7e-17	90.9
gi|336455114|ref|NR_038896.1|	58.0	81	-1	242	3	319	398	1.4e-16	89.4
gi|336455114|ref|NR_038896.1|	63.2	68	-1	206	3	108	174	8.9e-16	86.7
gi|336455114|ref|NR_038896.1|	72.4	58	-2	241	68	110	166	1.3e-11	72.8
gi|336455114|ref|NR_038896.1|	69.0	58	-2	241	68	99	155	3.0e-11	71.6
gi|224493666|ref|NR_027122.1|	99.5	214	2	2	643	1	214	6.5e-124	446.8
gi|224493666|ref|NR_027122.1|	45.5	77	1	931	1161	296	371	1.7e-10	70.1
gi|224493666|ref|NR_027122.1|	42.9	77	1	931	1161	296	371	6.3e-10	68.2
gi|341932552|ref|NR_040662.1|	84.1	132	3	399	794	1	132	7.2e-57	223.8
gi|84872052|ref|NR_002768.1|	69.0	42	-1	4543	4418	504	545	7.1e-08	62.0
gi|84872052|ref|NR_002768.1|	69.8	43	-1	4585	4457	296	337	9.3e-08	61.6
gi|84872052|ref|NR_002768.1|	79.4	34	-2	4533	4432	1158	1191	9.3e-08	61.6
gi|84872052|ref|NR_002768.1|	90.0	30	-2	4542	4453	4	33	3.5e-07	59.7
gi|84872052|ref|NR_002768.1|	66.7	42	1	4429	4548	2	43	1.3e-06	57.8
gi|253970425|ref|NR_028044.1|	53.6	168	3	117	620	1	168	5.9e-39	164.5
gi|253970425|ref|NR_028044.1|	58.5	65	-3	1985	1791	136	200	1.2e-12	77.0
gi|269973860|ref|NM_000417.2|	95.8	261	1	220	1002	1	261	6.8e-145	516.5
gi|269973860|ref|NM_000417.2|	93.5	261	1	220	1002	1	261	7.8e-141	503.1
gi|269973860|ref|NM_000417.2|	87.7	261	1	220	1002	1	261	3.3e-131	471.1
gi|269973860|ref|NM_000417.2|	59.8	264	1	220	1002	1	264	2.6e-88	328.6
gi|269973860|ref|NM_000417.2|	57.6	264	1	220	1002	1	258	2.0e-80	302.4
gi|219277666|ref|NR_024627.1|	100.0	68	2	665	868	1	68	4.4e-35	150.2
gi|381342489|ref|NR_002728.3|	93.0	359	2	62921	63997	384	742	3.7e-187	661.8
gi|381342489|ref|NR_002728.3|	68.8	359	2	62921	63997	383	741	5.8e-140	505.0
gi|381342489|ref|NR_002728.3|	62.8	414	2	62924	64165	392	797	1.7e-139	503.4
gi|381342489|ref|NR_002728.3|	74.4	348	2	60674	61717	4	338	2.2e-134	486.5
gi|381342489|ref|NR_002728.3|	31.6	361	2	60674	61684	3	349	6.7e-35	156.0
gi|222080071|ref|NR_026679.1|	100.0	101	3	1878	2180	1	101	8.8e-51	203.8
gi|222080071|ref|NR_026679.1|	47.7	107	2	2426	2743	963	1069	5.6e-21	104.8
gi|222080071|ref|NR_026679.1|	44.8	116	2	2426	2746	971	1086	1.5e-18	96.7
gi|222080071|ref|NR_026679.1|	60.3	63	2	2714	2896	594	656	1.7e-14	83.2
gi|222080071|ref|NR_026679.1|	58.7	63	2	2714	2896	500	562	5.1e-14	81.6
gi|223468702|ref|NR_026805.1|	72.7	44	3	3	134	127	170	3.3e-10	68.2
gi|342307097|ref|NM_003954.3|	88.8	946	2	110	2947	1	946	0.0e+00	1689.5
gi|342307097|ref|NM_003954.3|	75.1	948	2	110	2947	1	941	0.0e+00	1401.3
gi|342307097|ref|NM_003954.3|	31.0	287	2	1244	2050	107	382	7.0e-31	138.3
gi|342307097|ref|NM_003954.3|	31.0	287	2	1244	2050	107	382	9.2e-31	137.9
gi|342307097|ref|NM_003954.3|	30.4	283	2	1244	2050	107	382	2.7e-30	136.3
gi|161087002|ref|NR_004382.1|	66.3	98	-1	2639	2358	95	192	2.6e-27	125.9
gi|161087002|ref|NR_004382.1|	70.4	81	-1	2633	2391	72	152	4.8e-21	105.1
gi|161087002|ref|NR_004382.1|	64.0	75	-3	2658	2434	43	117	4.5e-19	98.6
gi|161087002|ref|NR_004382.1|	72.5	69	-1	2627	2421	110	178	6.4e-18	94.7
gi|161087002|ref|NR_004382.1|	70.1	67	-1	2588	2391	2	68	3.5e-16	89.0
gi|224451067|ref|NR_027054.1|	72.8	92	-2	932	657	1	92	7.1e-29	130.6
gi|224451067|ref|NR_027054.1|	60.2	93	-2	932	654	1	93	4.9e-22	107.8
gi|224451067|ref|NR_027054.1|	61.7	94	-2	932	654	1	94	4.9e-22	107.8
gi|224451067|ref|NR_027054.1|	61.7	94	-2	932	654	1	94	7.1e-21	104.0
gi|224451067|ref|NR_027054.1|	55.8	104	-2	932	624	1	104	7.1e-21	104.0
gi|223029490|ref|NR_026766.1|	100.0	109	3	426	752	1	109	8.0e-60	231.9
gi|215272351|ref|NM_001142353.1|	99.4	504	1	199	1710	22	525	1.8e-299	1030.0
gi|215272351|ref|NM_001142353.1|	99.8	504	1	199	1710	22	524	9.0e-299	1027.7
gi|215272351|ref|NM_001142353.1|	99.2	504	1	199	1710	22	525	1.5e-298	1026.9
gi|215272351|ref|NM_001142353.1|	85.8	500	1	205	1701	15	513	3.1e-259	896.3
gi|215272351|ref|NM_001142353.1|	85.6	500	1	205	1701	15	513	5.3e-259	895.6
gi|223555922|ref|NR_026816.1|	32.6	86	3	6	263	25	110	2.3e-06	53.9
gi|223555922|ref|NR_026816.1|	33.7	86	3	3	257	20	105	2.6e-05	50.4
gi|223555922|ref|NR_026816.1|	28.6	91	3	3	269	26	116	4.4e-05	49.7
gi|302191642|ref|NR_036473.1|	66.2	77	1	766	993	89	165	2.3e-17	92.4
gi|302191642|ref|NR_036473.1|	60.3	78	1	766	993	4	81	6.3e-15	84.3
gi|302191642|ref|NR_036473.1|	72.5	51	1	763	915	124	174	2.9e-12	75.5
gi|302191642|ref|NR_036473.1|	80.5	41	1	763	885	703	743	5.5e-11	71.2
gi|302191642|ref|NR_036473.1|	58.2	67	1	769	960	115	179	8.0e-10	67.4
gi|303227931|ref|NR_003141.3|	68.9	74	2	698	919	44	117	3.8e-23	110.5
gi|303227931|ref|NR_003141.3|	59.1	88	3	726	977	99	186	4.7e-21	103.6
gi|303227931|ref|NR_003141.3|	75.4	69	3	726	932	74	142	1.0e-20	102.4
gi|303227931|ref|NR_003141.3|	72.5	69	3	726	932	110	178	8.3e-18	92.8
gi|303227931|ref|NR_003141.3|	76.5	51	2	725	877	319	369	2.0e-16	88.2
gi|255652926|ref|NR_028288.1|	73.0	37	2	1166	1276	121	157	8.9e-07	57.8
gi|255652926|ref|NR_028288.1|	61.5	39	2	1169	1285	37	75	2.2e-05	53.1
gi|255652926|ref|NR_028288.1|	73.3	30	-3	1940	1851	13	42	1.4e-04	50.4
gi|255652926|ref|NR_028288.1|	72.7	33	2	1181	1279	8	40	4.1e-04	48.9
gi|255652926|ref|NR_028288.1|	67.6	34	2	1181	1282	211	244	9.2e-04	47.8
gi|193804930|ref|NR_024015.1|	86.0	100	3	504	803	1	100	2.4e-42	174.5
gi|300795874|ref|NR_034108.1|	50.0	72	3	1629	1844	1008	1076	2.1e-07	60.5
gi|300795874|ref|NR_034108.1|	72.7	33	-2	1852	1754	67	99	3.9e-06	56.2
gi|300795874|ref|NR_034108.1|	55.0	40	-2	1855	1736	36	75	2.1e-04	50.4
gi|300795874|ref|NR_034108.1|	66.7	36	3	1749	1856	33	68	4.7e-04	49.3
gi|193083189|ref|NR_023920.1|	100.0	78	3	1146	1379	1	78	3.7e-39	164.9
gi|71533178|ref|NR_002438.1|	95.2	84	-3	937	686	744	825	4.9e-43	176.4
gi|71533178|ref|NR_002438.1|	94.0	84	-3	937	686	739	820	1.8e-42	174.5
gi|71533178|ref|NR_002438.1|	39.2	79	-3	919	686	751	828	5.3e-05	50.1
gi|71533178|ref|NR_002438.1|	36.8	76	-3	919	692	424	497	2.0e-04	48.1
