mRNA_size	ORF_size	Fickett_score	Hexamer_score	coding_prob
ENSMUST00000152336.1	460	144	0.9279	0.334523229912	0.245741529702312
ENSMUST00000169575.1	942	726	0.9575	0.352483128126	0.96067082512909
ENSMUST00000149105.1	2093	1317	1.2918	0.409543386673	0.999748703115019
ENSMUST00000214310.1	418	48	0.5007	0.0420690213376	0.0218081683446523
ENSMUST00000163019.7	2773	1074	0.6516	-0.100490795439	0.962431133558997
ENSMUST00000203307.1	376	171	0.8216	-0.273112580535	0.0264249618929546
ENSMUST00000154823.1	591	144	0.9923	-0.38286243917	0.0191186532282208
ENSMUST00000176091.1	528	219	0.955	0.181830877143	0.239448729845424
ENSMUST00000159792.7	699	483	1.2561	0.569096706549	0.947285879065117
ENSMUST00000081927.2	1921	1134	0.9109	0.0810437514929	0.992758132945148
ENSMUST00000107233.8	3663	1644	0.8591	0.249587883465	0.999894109117261
ENSMUST00000006838.15	2800	2328	1.1358	0.34368026007	0.999999696661223
ENSMUST00000107654.7	4422	3381	0.7843	0.135470567323	0.999999999289001
ENSMUST00000102499.7	1961	846	1.0924	0.187967113575	0.973815876005463
ENSMUST00000110492.1	4780	4122	0.7251	0.312547453882	0.999999999998152
ENSMUST00000059617.1	1002	1002	0.9308	0.0898282844364	0.983084236210945
ENSMUST00000004379.7	1034	735	1.0207	0.303013853126	0.959834103490401
ENSMUST00000142039.7	2484	930	1.0037	0.439206864158	0.993770800894429
ENSMUST00000128479.1	1171	726	0.9509	0.443932431139	0.9721298135206
ENSMUST00000180044.7	3131	990	1.1074	0.307585418915	0.994204380935207
ENSMUST00000193335.1	774	288	0.7462	0.0530754831571	0.171042744541372
ENSMUST00000174010.1	132	129	0.8645	-0.0271019220112	0.0563352140621924
ENSMUST00000125810.1	365	273	1.3095	0.215693823041	0.508876706107174
ENSMUST00000000808.7	2873	2217	0.93	0.294186044339	0.999998784806766
ENSMUST00000207999.1	604	51	1.2073	0.18495340273	0.131490229663717
ENSMUST00000182267.1	7234	6891	0.9818	0.247894668371	1
ENSMUST00000151230.1	677	165	0.538	-0.365002760431	0.0103526018605306
ENSMUST00000107464.7	3252	2274	0.9387	0.368497956309	0.999999409966848
ENSMUST00000161297.7	305	159	0.509	0.0933859838515	0.0587165551107454
ENSMUST00000159102.1	584	264	1.1687	0.299374375773	0.511429260325112
ENSMUST00000071425.1	948	948	1.013	0.103105067195	0.979790401814509
ENSMUST00000114950.1	2493	1827	0.8574	0.214624990224	0.999968161837028
ENSMUST00000048012.12	3321	2736	0.901	0.30317583214	0.999999970481159
ENSMUST00000110437.3	1276	915	0.7948	0.139396940856	0.967008723854338
ENSMUST00000135177.7	821	378	0.5647	0.171282587727	0.313429559987176
ENSMUST00000154777.1	742	525	0.9947	0.115866512128	0.700908629685497
ENSMUST00000177574.1	1316	264	0.9683	0.0658339461991	0.214350063745235
ENSMUST00000208324.1	2165	525	1.148	0.437976019013	0.918371641791735
ENSMUST00000212058.1	1287	1287	1.2424	0.333583169753	0.999542159296014
ENSMUST00000117686.1	1026	264	0.6386	0.0154668995426	0.108012485539233
ENSMUST00000141138.7	890	153	0.3737	-0.4025696047	0.00599491873099683
ENSMUST00000138508.7	701	591	1.0604	0.342189978557	0.915007898819001
ENSMUST00000136088.7	508	222	1.2532	0.56125339257	0.725569177198362
ENSMUST00000131935.1	655	579	1.2622	0.356926273264	0.938566409511517
ENSMUST00000099929.2	1075	930	1.0374	0.0199634797803	0.969343432655039
ENSMUST00000176028.1	759	723	1.1829	0.35652931065	0.973763546503392
ENSMUST00000128666.1	805	420	0.9674	0.127660320934	0.522457405487077
ENSMUST00000024647.12	3089	2151	1.2005	0.376596404716	0.9999991510588
ENSMUST00000149635.7	2396	474	0.9215	0.331654601435	0.766932298813286
ENSMUST00000039796.13	3500	720	1.1197	0.4495152526	0.977924538390647
ENSMUST00000189414.1	518	96	0.9196	-0.0424482640846	0.0462702456868148
ENSMUST00000211888.1	1179	951	1.0292	0.342356425987	0.992650467880169
ENSMUST00000196068.4	911	405	1.1447	0.28435912441	0.721027442514478
ENSMUST00000206870.1	518	213	1.2067	0.298502150695	0.436922356266515
ENSMUST00000125225.1	530	150	0.8867	0.375585404357	0.271202473270532
ENSMUST00000065842.6	885	627	1.1474	0.222072800379	0.909088812693765
ENSMUST00000103203.7	3674	1530	1.0739	0.319433157017	0.9998784557474
ENSMUST00000141444.1	626	201	0.7482	-0.108415791629	0.0542099020540357
ENSMUST00000170324.1	831	108	1.184	0.491122197111	0.432078254339878
ENSMUST00000155500.1	441	102	0.7833	0.464535213309	0.238402284840183
ENSMUST00000215418.1	3417	984	1.0187	0.0254570594019	0.977608269483119
ENSMUST00000194315.1	4715	3930	1.054	0.240960882498	0.99999999999464
ENSMUST00000127713.1	458	228	0.5629	0.102414380727	0.104985445129612
ENSMUST00000196520.1	2604	1836	1.1773	0.313853791438	0.999989002077442
ENSMUST00000033713.10	1026	492	1.0559	0.413898236971	0.874261503963044
ENSMUST00000153976.7	827	594	1.3009	0.547259294198	0.975416118618992
ENSMUST00000114549.2	2872	1428	1.0197	0.340351746323	0.999747162741602
ENSMUST00000196401.1	294	165	0.9575	0.430493733441	0.373177579418954
ENSMUST00000169358.7	396	144	1.1464	-0.130995190536	0.0680596477773072
ENSMUST00000110627.7	5494	4248	1.0567	0.33767232738	0.999999999999631
ENSMUST00000106647.7	1572	1143	1.2315	0.383732252562	0.998917592598262
ENSMUST00000123430.1	758	474	0.7362	0.0372075714534	0.420890910129647
ENSMUST00000125890.7	742	600	1.1773	0.352154727306	0.936938499539255
ENSMUST00000153363.1	348	198	0.7467	0.00805230337075	0.0831026188493165
ENSMUST00000138330.1	819	303	0.9413	0.167758525051	0.34539465316332
ENSMUST00000137009.1	1628	648	0.7256	0.162209169009	0.803379880262906
ENSMUST00000124275.1	590	147	0.6466	0.197438841345	0.100973257367549
ENSMUST00000209456.1	733	201	1.0998	0.0793643612687	0.191540102620964
ENSMUST00000076634.4	3288	1650	0.8328	0.248860324646	0.99989412755239
ENSMUST00000204970.1	2140	684	1.1435	0.396545081519	0.967410934111864
ENSMUST00000183041.7	714	639	0.8536	0.578497028189	0.9645659613368
ENSMUST00000147007.1	521	126	0.9346	-0.472477569841	0.010563359145331
ENSMUST00000127393.7	3374	186	0.7848	-0.399876801482	0.0154407621672509
ENSMUST00000034361.9	2916	1269	0.8883	0.190129570724	0.998121747124904
ENSMUST00000115047.2	4264	3672	1.1679	0.435963775642	0.999999999987558
ENSMUST00000144181.1	465	273	1.2338	0.424559734054	0.678381242864109
ENSMUST00000109811.3	753	237	0.9847	-0.0700396864928	0.118615325020159
ENSMUST00000194939.1	760	141	0.681	-0.146431684429	0.0272341894683701
ENSMUST00000095440.8	3153	2595	1.0661	0.332937383703	0.99999994702163
ENSMUST00000205548.1	2363	279	0.8656	0.0626796672929	0.194816890191318
ENSMUST00000194544.1	313	168	0.9495	0.135848177956	0.152265355961229
ENSMUST00000141976.1	595	285	1.0433	-0.0411246608986	0.193358518186914
ENSMUST00000171321.1	433	126	0.6797	-0.203255455525	0.019627189151593
ENSMUST00000172154.7	604	534	0.7773	0.228107927063	0.725994411143664
ENSMUST00000074941.7	3040	1743	1.013	0.0333339915552	0.999907112193581
ENSMUST00000040787.12	3903	1626	0.9049	0.178736006381	0.999851234601697
ENSMUST00000000895.12	1829	1062	1.0925	0.338823383199	0.996966027412218
ENSMUST00000205931.1	1161	900	1.1003	0.324245924203	0.99001179269784
ENSMUST00000160223.1	714	444	0.6206	0.123430474753	0.40202346310751
ENSMUST00000129399.1	402	168	1.2902	-0.131363388342	0.101751947371609
ENSMUST00000146076.7	869	348	1.089	0.335548730856	0.655863950398735
ENSMUST00000153813.1	365	210	0.7621	-0.0686973366758	0.0691466375062896
ENSMUST00000153635.1	2298	1551	1.2604	0.366783716268	0.999941077985605
ENSMUST00000187824.6	420	363	0.9056	0.160598705116	0.427341043635796
ENSMUST00000033176.6	1896	1362	1.0802	0.145953041558	0.99921320101354
ENSMUST00000123660.1	151	6	0.3621	0.633368317944	0.125593502212897
ENSMUST00000209715.1	262	57	1.1583	-0.0845144376055	0.0461149320625885
ENSMUST00000187427.1	1296	624	0.6167	0.170549665142	0.745298876022721
ENSMUST00000064076.5	3034	2505	1.0253	0.240111234052	0.999999840511678
ENSMUST00000186555.1	695	369	0.7198	0.00500141543565	0.224865389570582
ENSMUST00000186828.1	627	177	0.9659	0.279812984623	0.261105365106893
ENSMUST00000200365.4	731	198	1.0614	0.0641097492999	0.168622913019195
ENSMUST00000109522.1	3765	3258	1.161	0.216437846202	0.999999999393726
ENSMUST00000115011.7	2290	1077	1.0794	0.344291265477	0.997241513071808
ENSMUST00000215017.1	2917	933	0.9128	-0.112380317068	0.934598485921751
ENSMUST00000102741.7	1033	477	1.047	0.213416164211	0.729984152292037
ENSMUST00000022345.6	1631	780	1.1059	0.399797148065	0.982684346689768
ENSMUST00000115304.7	2634	855	0.9311	0.379471664647	0.98445401425875
ENSMUST00000148126.1	2028	288	1.0614	-0.0252918017027	0.207218823104692
ENSMUST00000027512.12	3130	1824	1.0836	0.319805826095	0.999985895256572
ENSMUST00000162852.1	344	69	0.5045	-0.149611197179	0.0118118632305596
ENSMUST00000204441.2	1020	819	1.13	0.445166802956	0.989694347527898
ENSMUST00000068851.5	493	339	0.937	-0.108137789868	0.181244039477273
ENSMUST00000148129.1	585	285	0.8038	0.27628533433	0.359906063236011
ENSMUST00000104998.4	854	411	1.304	0.421404583024	0.864216400509485
ENSMUST00000142199.1	371	189	1.1484	0.191553234349	0.275059232307209
ENSMUST00000162972.1	520	273	0.7865	0.195455545316	0.264346999922291
ENSMUST00000160184.1	765	582	0.7845	0.276440714241	0.821715717085219
ENSMUST00000189133.1	3463	207	0.853	-0.302959277848	0.0298103007101592
ENSMUST00000049151.3	2840	2109	0.9354	0.202050120542	0.999996180386488
ENSMUST00000102649.3	2074	1404	1.0614	0.261238467157	0.999622687802321
ENSMUST00000154420.1	481	258	1.1242	0.328654913424	0.5104457835561
ENSMUST00000189505.6	1031	969	0.9587	0.525732699304	0.996521669171226
ENSMUST00000205945.1	514	336	1.1546	0.416572957287	0.734949544868078
ENSMUST00000020248.15	1052	585	1.0405	0.28228095987	0.885231087923638
ENSMUST00000093268.4	1512	981	1.2619	0.302541121657	0.995433476571359
ENSMUST00000126113.7	772	606	0.9813	0.303630644324	0.898275197098532
ENSMUST00000210656.1	3373	1257	1.3293	0.382636593877	0.999584440387419
ENSMUST00000133993.1	1884	285	0.9571	0.15909745161	0.309993582935696
ENSMUST00000134216.2	792	612	1.2146	0.404582801675	0.955538681197843
ENSMUST00000160744.1	856	333	0.7768	0.139453748069	0.30040502629156
ENSMUST00000145166.7	647	273	1.269	0.33344035793	0.607069459238957
ENSMUST00000127625.2	1167	678	0.8144	0.139658464755	0.84654561558536
ENSMUST00000131742.7	549	90	0.636	0.0292453996974	0.0354272599324836
ENSMUST00000107461.1	2337	1953	1.0695	0.232435203947	0.999991991365645
ENSMUST00000163222.1	364	231	0.9284	0.294851321797	0.342390330108499
ENSMUST00000147830.1	3071	294	0.5713	-0.300380407638	0.0336016471844718
ENSMUST00000173483.7	1781	1182	1.0486	0.292629320908	0.998326925542353
ENSMUST00000205419.1	743	417	0.9603	0.391603087243	0.756874222408407
ENSMUST00000182234.1	999	351	1.2746	0.45473175405	0.816973444868735
ENSMUST00000194034.1	550	363	1.3091	0.218289330608	0.666083864795049
ENSMUST00000131131.1	643	618	1.2381	0.665023812431	0.985556391283423
ENSMUST00000177152.1	296	96	1.1124	0.0955649989574	0.109304103550454
ENSMUST00000093040.12	1192	642	1.1379	0.443387107376	0.964112188799067
ENSMUST00000160218.1	3197	330	0.9872	0.198827394723	0.428572416455614
ENSMUST00000135351.1	460	324	0.9543	0.0890890632228	0.314993074399877
ENSMUST00000153373.1	221	129	0.9459	-0.0286406615663	0.0644382646038366
ENSMUST00000159212.8	1745	1713	0.9854	0.196611851531	0.999939573786688
ENSMUST00000080175.6	816	816	0.9197	0.0508754304952	0.927213611803248
ENSMUST00000184379.1	370	183	1.1854	-0.013065398815	0.144284213077364
ENSMUST00000140181.1	662	219	1.283	0.447643305003	0.631331718453477
ENSMUST00000025312.12	2114	1023	1.0116	0.278144385722	0.993989441506804
ENSMUST00000102919.3	8033	7302	1.2704	0.461425083994	1
ENSMUST00000203339.1	650	477	1.1052	0.275027636611	0.796348456466693
ENSMUST00000176820.7	514	321	0.9103	0.181714853591	0.376855688495097
ENSMUST00000087638.3	2053	1506	1.0688	0.201735729155	0.999772720137122
ENSMUST00000146431.2	749	297	1.003	0.242756203153	0.435453922604758
ENSMUST00000176847.7	736	405	1.2658	0.487631336358	0.881837470824121
ENSMUST00000190802.1	833	483	0.9916	0.110160324555	0.626521199398024
ENSMUST00000130046.1	527	282	0.999	0.0220692174941	0.218844836920618
ENSMUST00000160109.1	800	306	1.0651	0.39838464086	0.635503390660073
ENSMUST00000207812.1	756	600	1.0581	0.312628397015	0.910103235787025
ENSMUST00000037025.14	4308	2481	0.9241	0.281314268766	0.999999800727101
ENSMUST00000098935.1	1839	519	0.5556	-0.0774375558288	0.304865404426007
ENSMUST00000213091.1	615	303	1.1927	0.119933389903	0.410336371331504
ENSMUST00000121279.1	1645	438	1.0345	0.356146998184	0.778873861706003
ENSMUST00000126390.7	2595	2388	1.1525	0.162706721038	0.999999602205684
ENSMUST00000132839.1	554	237	0.9997	0.19246120989	0.289086372169884
ENSMUST00000088598.5	611	516	0.8205	0.0404216167474	0.539248955982537
ENSMUST00000102582.7	8788	7347	1.2928	0.487020602392	1
ENSMUST00000208292.1	358	159	1.2047	0.401647356265	0.444821939731323
ENSMUST00000022517.7	1410	960	1.2297	0.393454938999	0.996116335876656
ENSMUST00000127346.1	584	210	1.1023	0.424339334884	0.51086761327126
ENSMUST00000137195.1	3377	3213	1.2096	0.714334775323	0.999999999900817
ENSMUST00000033264.11	2793	1389	1.0489	0.256631633428	0.999554084150602
ENSMUST00000148303.1	347	138	0.5846	0.179499839054	0.0805888073206809
ENSMUST00000198004.1	511	327	0.9459	0.0816653354497	0.309513513892603
ENSMUST00000029147.15	2051	1380	1.1932	0.336806007544	0.99974230526581
ENSMUST00000143296.1	754	306	0.4363	0.203507383683	0.196362961758109
ENSMUST00000152798.1	886	633	0.961	0.179362753233	0.861112345027847
ENSMUST00000211570.1	3557	2871	1.2754	0.356540843861	0.999999995509919
ENSMUST00000135523.4	4773	3009	0.896	0.257412645716	0.999999994817446
ENSMUST00000106431.1	72	0	0	0	0.005246733821595
ENSMUST00000127093.1	793	471	1.2113	0.33857237332	0.854967832111523
ENSMUST00000058030.9	2797	852	0.9745	0.142093234212	0.962057987016455
ENSMUST00000035748.13	2303	1371	1.075	0.0866446162704	0.999042315964795
ENSMUST00000204464.1	2080	612	0.7306	0.0426202983236	0.658712916584538
ENSMUST00000139595.1	380	225	0.942	0.162873710483	0.229589362279749
ENSMUST00000215893.1	1521	921	0.887	-0.00384068479807	0.952636295171585
ENSMUST00000204683.1	782	480	0.9944	0.441411474102	0.864876175117837
ENSMUST00000216656.1	2476	1065	0.908	0.250379230684	0.993919989589087
ENSMUST00000207766.1	2336	1395	1.0583	0.396928744141	0.999766009852705
ENSMUST00000175909.7	390	306	1.288	0.458846460987	0.773330412702565
ENSMUST00000032823.4	2611	1782	1.1323	0.465162465381	0.999990487427797
ENSMUST00000156344.7	503	435	1.1174	0.0759418008749	0.567755515725973
ENSMUST00000206989.1	383	300	0.9676	-0.00441437160615	0.213186076681487
ENSMUST00000160070.1	291	267	1.0088	0.11643402693	0.274660327632272
ENSMUST00000135501.2	870	837	1.2856	0.448397984953	0.993311718149571
ENSMUST00000176000.1	853	741	0.8256	0.0338104708756	0.85293322799453
ENSMUST00000190760.1	231	114	1.0458	0.202137245295	0.160489152441366
ENSMUST00000023441.10	2345	1170	1.0787	0.298219217999	0.998291580183447
ENSMUST00000197229.1	355	36	0.9863	-0.434534302014	0.00714582169403172
ENSMUST00000117320.1	475	438	0.9235	0.210735970568	0.619047594383193
ENSMUST00000191064.6	1309	645	1.014	0.0926521686508	0.838257681982402
ENSMUST00000166081.1	2553	2553	0.7882	-0.0653783903401	0.999999395568691
ENSMUST00000212230.1	1407	1023	1.0119	0.230225419524	0.992820844833057
ENSMUST00000181691.1	980	504	1.1887	0.17090688999	0.782508678734566
ENSMUST00000148910.1	420	228	1.1624	0.519637478339	0.663426254711133
ENSMUST00000121340.1	945	540	0.8731	-0.0711501431681	0.491092783713579
ENSMUST00000178573.7	1153	1077	0.9055	0.121802037379	0.990841020504772
ENSMUST00000145313.7	3350	1059	1.0431	0.324631669497	0.996270569588967
ENSMUST00000070810.7	2314	1401	0.7226	0.0348350352842	0.998165365012601
ENSMUST00000030536.12	2375	1743	1.0633	0.398814052987	0.999981307624915
ENSMUST00000128490.7	789	471	0.9533	0.389800899999	0.818146331309848
ENSMUST00000024987.5	3434	2523	1.2325	0.40358496087	0.999999950709958
ENSMUST00000044990.10	2218	1989	1.1948	0.239212546717	0.999995254383302
ENSMUST00000014686.2	2471	1647	1.1002	0.288559736866	0.999945114898312
ENSMUST00000137366.7	370	207	1.2407	0.281931734406	0.426041726793689
ENSMUST00000162321.7	855	453	1.2256	0.662264393684	0.95224678649804
ENSMUST00000156157.1	470	117	0.8522	0.356050128775	0.202733244669182
ENSMUST00000136235.1	463	177	1.1667	0.137215926593	0.223397750238182
ENSMUST00000153695.7	1814	789	0.5063	0.0791973550972	0.842038819578368
ENSMUST00000203713.1	264	36	1.2345	-0.0657020349089	0.0491551309681339
ENSMUST00000192570.1	537	528	1.0785	-0.00785340535788	0.629035832890089
ENSMUST00000211740.1	942	942	0.8365	0.0582391661726	0.965321644375113
ENSMUST00000145072.7	388	324	1.1938	0.49933732183	0.793722914160123
ENSMUST00000155813.1	647	504	0.7739	0.184268056606	0.639071480619823
ENSMUST00000073546.4	1593	993	0.9774	0.203415567588	0.989384413733131
ENSMUST00000045566.6	3572	1290	0.8628	0.3150455835	0.99896781646632
ENSMUST00000214229.1	655	510	0.6619	-0.0934565806933	0.325343404142773
ENSMUST00000124350.1	859	798	1.2234	0.295717992909	0.981649879818162
ENSMUST00000209989.1	625	150	0.7784	0.133686996152	0.101454854582817
ENSMUST00000108666.7	1831	1038	1.1608	0.438142689955	0.997881006696352
ENSMUST00000152743.7	1782	642	1.0329	0.0507749802844	0.814051561386866
ENSMUST00000088763.12	2935	1572	1.0882	-0.0660294858042	0.999584698093157
ENSMUST00000160687.1	541	429	0.7717	0.206178211971	0.529484926759372
ENSMUST00000201345.1	1225	603	0.7557	0.236783264147	0.810476622142821
ENSMUST00000154236.1	1884	657	1.1824	0.479886934461	0.973785403183405
ENSMUST00000112096.8	3112	2415	1.0037	0.323884818117	0.999999773912074
ENSMUST00000177184.7	2736	2736	0.7532	0.0589291171122	0.999999895953911
ENSMUST00000196209.4	269	234	1.0987	0.156052964976	0.29326951578817
ENSMUST00000127545.1	916	192	0.9157	0.0639780564567	0.128471602809533
ENSMUST00000108578.8	880	516	1.2583	0.443506076773	0.931708861142327
ENSMUST00000201465.1	817	285	1.0751	0.236648554596	0.44060619961604
ENSMUST00000153954.7	747	375	0.7639	0.0826010395399	0.310845244137353
ENSMUST00000118294.7	4069	2841	1.1031	0.359264463039	0.999999992312314
ENSMUST00000105056.1	890	573	1.376	-0.145655703674	0.697291770444298
ENSMUST00000154541.1	894	258	1.1637	0.388642681703	0.586826022096187
ENSMUST00000152174.1	456	192	1.1236	0.597307111873	0.660016283664959
ENSMUST00000132747.1	932	687	1.0367	0.311660587407	0.94759124051903
ENSMUST00000165798.1	358	318	0.8923	0.0736718931343	0.269703029440435
ENSMUST00000069333.7	3163	1446	1.1091	0.206111955794	0.999672280902739
ENSMUST00000201963.1	455	129	0.779	0.0492681637547	0.0645996664313415
ENSMUST00000135387.1	1151	342	0.9642	0.0941496485131	0.348865960191108
ENSMUST00000110704.8	1103	894	1.0881	0.253459861862	0.985828795441823
ENSMUST00000068878.13	2488	1965	0.8006	0.201592312622	0.999986214320521
ENSMUST00000112893.1	1040	465	0.9925	0.159433208304	0.642381903421176
ENSMUST00000178072.1	579	579	0.6816	-0.0103096729991	0.536674929458326
ENSMUST00000001667.12	991	546	0.9621	0.104295179485	0.708769794494954
ENSMUST00000147903.2	663	582	0.8599	0.390622622861	0.894490761387243
ENSMUST00000106303.2	576	390	0.9895	0.341233207229	0.688484909857335
ENSMUST00000026580.11	3357	2748	1.0443	0.323955041145	0.999999980935688
ENSMUST00000171029.1	496	63	0.9561	-0.0114866321642	0.044402588752117
ENSMUST00000167376.1	700	144	0.8388	-0.142929557875	0.0375129306340116
ENSMUST00000039665.6	2264	2007	0.6912	0.192717435784	0.999987128037299
ENSMUST00000163608.1	1403	267	1.0208	0.132095008024	0.286848521952078
ENSMUST00000212447.1	720	669	1.1469	0.266209750627	0.942079881455136
ENSMUST00000201300.1	831	831	0.9455	0.396617027674	0.983922059286261
ENSMUST00000120251.8	1461	1278	1.177	0.323970951674	0.999423865233692
ENSMUST00000140764.7	1214	801	1.181	0.395445783988	0.986898473935749
ENSMUST00000139147.1	4571	606	1.0729	0.34585231087	0.919266175376443
ENSMUST00000214263.1	4003	945	0.9902	-0.0293247243243	0.960996165682661
ENSMUST00000149460.7	369	312	0.4957	0.0590034580926	0.137379571495137
ENSMUST00000052832.5	755	360	1.0073	0.363792117496	0.667679630947038
ENSMUST00000138281.1	692	633	0.8361	-0.0634924833813	0.646547068817003
ENSMUST00000214678.1	416	288	1.0205	0.282100170133	0.469190077964265
ENSMUST00000015812.11	1626	423	1.196	0.379996656887	0.824794005744165
ENSMUST00000189707.1	385	273	1.3316	0.684305767629	0.879961734349492
ENSMUST00000175791.8	946	765	1.0003	0.424027522533	0.979145595714849
ENSMUST00000185653.1	696	696	1.1394	0.158634844004	0.926263300934525
ENSMUST00000052550.12	16294	13893	0.8657	0.0747431195957	1
ENSMUST00000118606.2	718	237	1.0092	0.213093877824	0.309676330990542
ENSMUST00000142831.1	539	447	1.0848	0.485876057234	0.878023745642168
ENSMUST00000127993.1	646	63	0.7998	-0.331269518945	0.00927921863820145
ENSMUST00000169025.3	733	621	0.9131	0.290461501449	0.891551280037104
ENSMUST00000165437.1	327	327	1.228	0.528088282956	0.825164869056669
ENSMUST00000211212.1	389	15	0.7787	-0.355202717869	0.00577671844692831
ENSMUST00000128145.1	538	234	0.9963	0.404991147368	0.485380924833621
ENSMUST00000147211.1	2039	243	0.6927	-0.0763641611693	0.0716738403070317
ENSMUST00000156202.7	607	261	1	0.160198502998	0.297502274080945
ENSMUST00000120522.7	2854	1656	0.8299	0.00877039454996	0.999730750998248
ENSMUST00000168561.8	2705	2241	1.2752	0.316399639331	0.999999510814652
ENSMUST00000079764.13	922	561	0.7983	0.0664446999066	0.631788572261406
ENSMUST00000121716.7	739	501	1.1144	0.46281805003	0.910489904161495
ENSMUST00000193805.1	3543	915	0.8787	0.0463433989422	0.956916576192679
ENSMUST00000155745.1	521	99	1.1044	-0.197073821903	0.0358186146444159
ENSMUST00000154558.2	1078	693	1.1575	0.279566188238	0.953830815886616
ENSMUST00000146907.2	3479	2859	0.983	0.106744662863	0.999999976623662
ENSMUST00000172689.7	2328	2070	0.9915	0.425612932192	0.999998193744961
ENSMUST00000210905.1	177	114	1.2821	0.391922209497	0.392232246844953
ENSMUST00000009740.8	1933	1416	1.176	0.22980147358	0.999683080439489
ENSMUST00000130811.1	367	156	1.1198	-0.184377989644	0.0574683156219492
ENSMUST00000057625.2	1580	543	1.2929	0.384264810236	0.931748548876634
ENSMUST00000212279.1	280	108	0.994	0.0584506414055	0.0844910785331588
ENSMUST00000183432.5	4414	609	1.0932	0.171071547389	0.855807354773464
ENSMUST00000148624.7	512	435	1.2297	0.548145991406	0.917733926762351
ENSMUST00000133295.7	1154	1005	0.5896	-0.104914348013	0.933998554814623
ENSMUST00000191349.1	604	168	1.0443	-0.231229467241	0.0452935260621723
ENSMUST00000182482.1	992	459	1.2952	0.249327207807	0.813666824416973
ENSMUST00000124955.1	830	345	0.8393	-0.110571397963	0.159203907133429
ENSMUST00000075982.3	606	369	0.9114	0.214667786876	0.494523371610778
ENSMUST00000140207.7	795	426	1.1466	0.427114131695	0.844356381055389
ENSMUST00000212383.1	707	294	1.1284	0.302938716963	0.549578215381485
ENSMUST00000178549.1	17	0	0	0	0.00525344507245191
ENSMUST00000125306.1	463	255	0.8089	0.0926722446826	0.177901445073028
ENSMUST00000162546.1	460	363	0.8904	0.30812101851	0.569849199207687
ENSMUST00000137638.7	1594	1302	1.1954	0.355300006319	0.999586725560885
ENSMUST00000195724.5	346	69	1.2474	0.506426527103	0.410232832659064
ENSMUST00000177962.7	1791	723	0.9636	0.0319811354748	0.864730457944125
ENSMUST00000139991.1	3982	417	0.8403	0.327114495734	0.639480406121399
ENSMUST00000132028.7	738	582	1.2123	0.298717716349	0.917988067064059
ENSMUST00000159540.7	379	30	1.2496	0.173809753786	0.119095201903981
ENSMUST00000113900.7	3630	3351	1.1599	0.393736768154	0.999999999850063
ENSMUST00000198443.1	659	222	0.7515	0.282306867701	0.248846336304286
ENSMUST00000168547.1	528	486	0.963	0.217490258278	0.717425665899913
ENSMUST00000106523.7	973	774	0.5316	-0.0263293731295	0.768611186568615
ENSMUST00000123495.7	3987	687	1.2646	0.436904728115	0.977231941986885
ENSMUST00000150931.1	779	663	1.105	0.205759831131	0.918285423843004
ENSMUST00000155628.7	1936	1752	1.0575	0.40171028674	0.999982680064885
ENSMUST00000102704.3	3025	2244	0.9729	0.269810002214	0.999998976228942
ENSMUST00000170027.1	492	225	0.536	-0.0586771983766	0.0534481886466798
ENSMUST00000152325.7	671	633	1.1784	0.321038818905	0.943381395528796
ENSMUST00000177318.1	474	321	0.9526	-0.126069863376	0.156871113743563
ENSMUST00000111873.7	1512	627	0.9212	0.0675589529563	0.774780976623058
ENSMUST00000211439.1	3533	1575	1.3126	0.557753166224	0.999978798807274
ENSMUST00000060435.6	3445	1284	1.2924	0.469310407688	0.999742535207071
ENSMUST00000172736.7	666	513	1.136	0.37030883113	0.887940860840654
ENSMUST00000031668.9	5348	4119	1.087	0.155901039479	0.999999999998148
ENSMUST00000123203.1	2144	1023	1.1675	0.317828897548	0.996164799199972
ENSMUST00000114212.3	347	345	0.5994	-0.0639774616617	0.129146260594266
ENSMUST00000146818.1	352	63	0.5463	0.0400876096329	0.0261621436050301
ENSMUST00000149522.1	765	216	1.0003	0.368606347402	0.417021777423389
ENSMUST00000017090.5	2443	705	1.0735	0.368133920381	0.964041516785802
ENSMUST00000027422.6	3207	1539	1.1463	0.214776361753	0.999848946173747
ENSMUST00000110846.7	1732	909	0.7175	0.157264769764	0.96279178008253
ENSMUST00000133112.1	5756	393	0.4815	-0.211355752474	0.0751361732844988
ENSMUST00000133257.7	5012	1380	0.8778	0.148813564222	0.998930106221566
ENSMUST00000202750.3	1653	1443	1.1599	0.439079752729	0.999886503290891
ENSMUST00000095726.10	2442	1317	1.0443	0.301642811385	0.999376185405396
ENSMUST00000187539.1	331	108	0.908	-0.24838264132	0.0219143904917801
ENSMUST00000118875.7	1420	1002	1.2926	0.541682098209	0.998604272279851
ENSMUST00000156855.7	428	369	0.6931	0.0132614333585	0.223188660045684
ENSMUST00000137344.1	670	189	0.6698	0.148582766832	0.114879190561663
ENSMUST00000127536.1	582	99	1.213	0.557935111779	0.498647860652993
ENSMUST00000117401.1	484	180	0.8403	0.0175292415095	0.0893845125553074
ENSMUST00000212632.1	2763	276	0.4357	-0.145785076706	0.0430324916252076
ENSMUST00000183988.7	1300	873	1.0077	0.419481280749	0.990198621152253
ENSMUST00000127075.1	246	42	1.1902	0.2468993079	0.151489813475484
ENSMUST00000117420.7	1955	1554	1.1399	0.340354499763	0.999920266895901
ENSMUST00000216061.1	534	165	0.8623	0.0878131017623	0.10887191040912
ENSMUST00000127651.1	927	168	1.0165	0.148467874415	0.174352193166766
ENSMUST00000138994.1	513	423	0.686	0.0816727737174	0.355949583052621
ENSMUST00000155727.1	408	384	1.0597	0.311194956186	0.681660759373364
ENSMUST00000177493.7	424	309	0.8482	0.117692943838	0.275947636109307
ENSMUST00000132829.2	598	285	1.0751	0.236648554596	0.441867747259035
ENSMUST00000142419.1	681	576	1.0222	0.325230172744	0.893615391437283
ENSMUST00000152083.1	732	417	1.0864	0.603897884022	0.903641482323551
ENSMUST00000155031.1	725	375	1.1133	0.475743740545	0.811762283114895
ENSMUST00000198999.1	305	141	0.8493	-0.271960590605	0.0226370019314353
ENSMUST00000107445.7	1633	1449	0.9485	0.315990705642	0.999733798318797
ENSMUST00000114425.2	851	612	1.0659	0.340945145317	0.926187707130549
ENSMUST00000204241.1	2624	402	1.0221	0.0472380542998	0.423216271440173
ENSMUST00000157077.1	804	624	1.0827	0.34825334085	0.935738111009618
ENSMUST00000182871.1	317	51	0.8704	-0.271134124051	0.012463574184956
ENSMUST00000058978.7	3892	696	0.823	0.166186556878	0.869714856395203
ENSMUST00000137064.7	1258	687	1.0099	0.237000479288	0.92636467895502
ENSMUST00000185523.6	1867	945	0.6773	0.141160167427	0.966732344034648
ENSMUST00000082357.1	919	702	0.844	0.0019800519752	0.798813586031243
ENSMUST00000155655.7	2267	231	0.6857	-0.146800963975	0.0495393193157259
ENSMUST00000139359.2	450	48	1.2305	-0.242285861607	0.0263515507627552
ENSMUST00000144678.1	3309	1167	0.6524	-0.0769779065493	0.982005001907403
ENSMUST00000163966.7	703	339	0.9699	0.36493026817	0.618333396214853
ENSMUST00000147299.6	1864	1668	1.0864	0.241264481017	0.99994210997741
ENSMUST00000078200.11	2363	2028	1.236	0.461946802212	0.999998661026062
ENSMUST00000056924.13	5485	1491	0.838	0.251430167075	0.9996560321161
ENSMUST00000184572.7	1746	939	1.0472	0.0224595251588	0.971570094491163
ENSMUST00000161575.1	180	141	1.1348	0.077474795667	0.141519326019783
ENSMUST00000131425.1	649	189	0.5737	-0.32775906701	0.0152531132735598
ENSMUST00000187296.1	4037	3453	1.0132	0.14531549506	0.999999999737
ENSMUST00000071115.3	529	372	0.7815	0.268594857298	0.495110824298688
ENSMUST00000213984.1	3063	975	1.0138	0.127496211137	0.984137641060428
ENSMUST00000171693.7	965	762	0.8966	0.335837022207	0.963511954269122
ENSMUST00000146168.2	2069	240	1.3055	0.264666932814	0.487589122707475
ENSMUST00000141311.7	835	579	1.1471	0.462658224855	0.949808848634395
ENSMUST00000154884.1	438	54	0.9567	-0.0985666356469	0.0296687744190616
ENSMUST00000072097.13	1824	1005	0.6942	0.240083312356	0.985785809350925
ENSMUST00000183893.1	1123	828	1.0685	0.352281545698	0.984220031521356
ENSMUST00000006094.4	1645	1503	1.2846	0.407832329153	0.99993367937684
ENSMUST00000107034.7	4799	4596	1.0632	0.251419864601	1
ENSMUST00000180542.1	817	351	0.9868	0.188418087033	0.469082108880121
ENSMUST00000066431.13	1603	1440	1.2873	0.504694239164	0.999930097409769
ENSMUST00000129482.1	627	288	0.8951	0.280826266521	0.409327800690279
ENSMUST00000049385.13	1322	342	1.251	0.27951460026	0.65998218378509
ENSMUST00000027871.12	2199	1119	0.6801	0.130999188319	0.989858082442187
ENSMUST00000202239.1	677	399	0.857	0.0466627943584	0.355457310615508
ENSMUST00000209299.1	397	114	0.5875	-0.0804179768043	0.0249402170404981
ENSMUST00000071535.9	6488	5484	0.9988	0.244638538834	1
ENSMUST00000000924.12	2288	1479	1.0185	0.328684817517	0.999818533402825
ENSMUST00000213081.1	1790	1068	0.6531	0.0286298195104	0.977104580736891
ENSMUST00000147018.1	322	39	1.1591	0.0718445657319	0.0744721403585976
ENSMUST00000033646.8	2281	1152	0.6526	-0.0866607439729	0.979688751803306
ENSMUST00000105464.8	11090	10059	1.315	0.602764619444	1
ENSMUST00000214478.1	249	114	0.7927	-0.0658496246005	0.0383690709968755
ENSMUST00000138473.2	3964	1164	0.9904	0.213802282255	0.996920786746914
ENSMUST00000077190.6	3409	1428	1.1978	0.326186765707	0.99980518584221
ENSMUST00000098613.8	2797	1449	0.5972	0.0734686000895	0.998584583862359
ENSMUST00000005477.5	1822	1503	1.1938	0.309130242748	0.999881963610314
ENSMUST00000150845.7	2107	984	1.1761	0.328941830545	0.995229620142197
ENSMUST00000216059.1	1045	216	1.0001	0.207318429982	0.268675554358849
ENSMUST00000153762.1	956	273	1.0775	0.43365274238	0.618071573103667
ENSMUST00000135141.1	944	477	1.2678	0.484660045962	0.925272076147538
ENSMUST00000105962.9	961	744	1.047	0.454994232625	0.98036630411314
ENSMUST00000207141.1	443	258	0.9067	0.0896214365352	0.207657177780471
ENSMUST00000137372.1	516	129	0.8659	-0.0044329145418	0.061103439659027
ENSMUST00000211196.1	329	102	1.0928	0.120627341208	0.120328258657675
ENSMUST00000021617.13	2690	1905	1.3324	0.526099630912	0.999997892328012
ENSMUST00000022172.10	4226	2559	0.931	0.117180316149	0.999999781209071
ENSMUST00000082290.7	2675	2118	0.8009	0.0733895428333	0.9999922514377
ENSMUST00000031158.8	2057	909	0.8732	0.139038256405	0.969550268383704
ENSMUST00000099814.1	927	927	0.9734	0.00126563114264	0.962316163059872
ENSMUST00000112842.7	1037	357	0.8318	0.128798698705	0.350308163407048
ENSMUST00000140187.7	3811	357	1.067	0.161440612606	0.472120812143509
ENSMUST00000105016.2	1497	1002	0.6187	-0.0353731319266	0.95066712801036
ENSMUST00000087400.11	2229	1215	0.7848	0.148002471078	0.996077842287937
ENSMUST00000151514.1	692	483	1.1537	0.267863665313	0.812578160403287
ENSMUST00000149335.1	569	270	1.2326	0.303019688072	0.555548337103342
ENSMUST00000114617.1	3338	1812	0.863	0.0601454507179	0.999932657274931
ENSMUST00000143923.7	739	585	0.957	0.112791942931	0.768879671866623
ENSMUST00000213876.1	823	606	0.9906	0.31761735492	0.904779330281893
ENSMUST00000188380.1	731	231	0.5104	-0.207244572666	0.0295571319702182
ENSMUST00000207786.1	1051	939	0.9497	-0.0698198130989	0.952079324785801
ENSMUST00000139352.7	5451	2037	1.0416	0.298572964246	0.99999622427631
ENSMUST00000092378.9	2995	1212	1.1748	0.496111204691	0.999522361700812
ENSMUST00000217221.1	342	306	0.9659	0.295726078416	0.490599891154299
ENSMUST00000207307.1	2703	1038	0.7747	0.153654466173	0.985979886690376
ENSMUST00000038211.12	5769	2733	0.8513	0.137576822224	0.999999931051739
ENSMUST00000030964.5	3270	915	0.8575	0.159970358391	0.971587303752166
ENSMUST00000138903.1	483	330	1.2094	0.301249898906	0.647420964273401
ENSMUST00000207314.1	4675	1443	0.7663	0.087995936756	0.998937018943595
ENSMUST00000079776.13	1670	1362	0.7922	0.178003941416	0.998827528593674
ENSMUST00000213028.1	740	621	1.0172	0.262030460778	0.898792526743257
ENSMUST00000071842.9	1860	1860	1.1678	0.213860949088	0.999986075952686
ENSMUST00000161603.1	741	468	0.7054	0.0999077655065	0.459353045128158
ENSMUST00000211578.1	388	171	0.7108	-0.199671036606	0.028951956016625
ENSMUST00000165761.1	774	768	1.0776	0.235351130217	0.962570027613627
ENSMUST00000206252.1	464	450	1.0423	0.187618552019	0.667917498222631
ENSMUST00000109864.7	1591	891	0.7299	0.314925955568	0.977997863364527
ENSMUST00000192468.1	315	150	1.17	0.0949911466862	0.167443270248041
ENSMUST00000153374.1	532	435	1.0569	0.442245346331	0.839854204433325
ENSMUST00000177884.1	924	924	0.83	-0.0378680958533	0.9422337391888
ENSMUST00000079891.3	945	945	0.8896	0.0258665227028	0.964916833717961
ENSMUST00000122109.1	520	141	0.9593	0.219224409958	0.174004177549624
ENSMUST00000113116.2	971	297	0.7957	0.0544356012176	0.194615605637925
ENSMUST00000136520.1	652	483	1.0865	0.2860836752	0.804915326269654
ENSMUST00000127249.1	613	246	1.2028	-0.0735792229835	0.175627962259471
ENSMUST00000106068.7	2049	1380	1.271	0.413298558047	0.999836894737506
ENSMUST00000192587.1	621	315	1.0536	0.145680402434	0.394235887142456
ENSMUST00000147585.1	534	390	1.3009	0.466740276165	0.868331341716623
ENSMUST00000166095.1	854	606	0.5733	0.174060542212	0.708429680174826
ENSMUST00000156778.7	775	768	1.2604	0.104981322129	0.954957171036007
ENSMUST00000150626.1	354	207	0.5483	0.116531374481	0.0943564712584887
ENSMUST00000177021.1	594	141	0.6118	-0.0890954749254	0.0302933445079592
ENSMUST00000148564.1	1218	180	0.4269	-0.401607654592	0.00799602935383494
ENSMUST00000153859.7	407	186	1.3171	0.654107790833	0.770882713437551
ENSMUST00000195565.1	3127	225	0.8649	-0.0424750540802	0.0946813423191761
ENSMUST00000117273.2	615	330	1.1645	0.0757588329838	0.40112334932197
ENSMUST00000113697.7	1742	855	1.123	0.612263478337	0.995838794039621
ENSMUST00000199997.1	1130	111	0.9113	-0.123064450622	0.0363697132691798
ENSMUST00000146892.1	520	240	0.9615	0.312658017217	0.387698212845082
ENSMUST00000171473.2	1630	312	1.0773	0.678129939473	0.85147736845031
ENSMUST00000130421.7	775	294	1.2439	0.334134898038	0.63174796659559
ENSMUST00000195961.1	680	222	1.1131	0.316626293926	0.42739917155149
ENSMUST00000206432.1	728	348	1.1727	0.51753830787	0.824615506808807
ENSMUST00000006071.13	2789	1068	1.0358	0.318441712066	0.996413316466816
ENSMUST00000207731.1	318	318	1.0238	0.193945283511	0.435633799482222
ENSMUST00000111755.3	1559	978	0.9228	0.00459668900527	0.97105244422031
ENSMUST00000166329.7	2223	1467	1.0881	0.0842954375889	0.999528645817874
ENSMUST00000167256.7	1230	795	1.0391	0.104829511284	0.944069134847715
ENSMUST00000168136.7	526	420	0.7987	0.259139638823	0.579379403239485
ENSMUST00000212595.1	898	744	0.6442	0.266544832452	0.916259216713269
ENSMUST00000147839.7	2223	246	0.8604	0.0629509633911	0.159434875629689
ENSMUST00000215846.1	2605	963	1.2041	0.142959477897	0.988671616631714
ENSMUST00000076147.5	2389	1053	1.2925	0.259100846936	0.996867582720301
ENSMUST00000132933.1	579	132	0.6546	-0.139263212312	0.0251806390951873
ENSMUST00000208865.1	1140	144	0.9949	0.0692941402289	0.109375850676303
ENSMUST00000119978.1	1002	1002	1.2926	0.541682098209	0.99861781848026
ENSMUST00000163216.1	1500	1446	0.9888	0.106672167189	0.999408108405718
ENSMUST00000109577.8	6251	2604	1.1857	0.521690630045	0.999999980249535
ENSMUST00000166030.1	2712	1392	1.1014	0.370218170387	0.999751671933639
ENSMUST00000155683.1	324	198	1.2565	0.639603118259	0.75580846653709
ENSMUST00000027052.12	2763	1617	1.0091	0.102098257523	0.999825799610443
ENSMUST00000127209.1	744	84	1.1418	-0.177491232949	0.0370886851991579
ENSMUST00000129948.8	858	573	0.8012	0.153375084168	0.728850390346488
ENSMUST00000109732.1	2033	1458	0.8445	-0.0235967354817	0.998776447396503
ENSMUST00000198327.1	861	540	1.1365	0.348604993029	0.897739523099367
ENSMUST00000157032.7	2746	810	0.8889	0.298976990736	0.968119129913043
ENSMUST00000209225.1	746	384	0.766	0.0659588664457	0.311023952589143
ENSMUST00000187963.6	4102	2559	0.7591	0.127477176319	0.999999712043718
ENSMUST00000144695.7	495	87	0.8094	0.198479478526	0.090281878816644
ENSMUST00000160417.7	718	276	0.7615	0.123065358444	0.206044632400018
ENSMUST00000171335.1	771	336	1.2537	-0.197408958999	0.212136564559385
ENSMUST00000214192.1	3862	948	0.8645	0.0153292682536	0.959999994135512
ENSMUST00000186257.1	615	576	1.0591	0.144579347849	0.811500269508847
ENSMUST00000202342.1	652	621	0.6304	0.205649101154	0.774880094268743
ENSMUST00000098056.5	1451	786	1.0509	0.252091016822	0.96707352223328
ENSMUST00000168399.1	393	198	1.0658	0.513645811617	0.564290663796405
ENSMUST00000046260.12	657	228	1.2326	0.458669772993	0.635144052091257
ENSMUST00000184169.7	2392	1713	1.1736	0.320528642357	0.999973952090104
ENSMUST00000144471.7	1811	312	0.6485	-0.122136128644	0.0888836270019421
ENSMUST00000064370.4	7058	6381	1.0991	0.168644100329	1
ENSMUST00000212719.1	4023	342	1.3005	0.224552794669	0.614780428710543
ENSMUST00000130127.7	463	444	1.075	0.150173193488	0.637198222725392
ENSMUST00000024035.8	1820	1473	1.2831	0.361749269785	0.999899892310929
ENSMUST00000139197.1	1442	774	1.0107	0.299174634981	0.968057443792388
ENSMUST00000114328.7	1421	1230	1.1045	0.204454538848	0.998483251812492
ENSMUST00000138479.7	746	630	1.1441	0.359760880213	0.947062762020265
ENSMUST00000127084.7	1758	534	1.0734	0.169326288629	0.77864176139391
ENSMUST00000195262.5	2774	2595	1.1341	0.361858388272	0.999999958887064
ENSMUST00000123200.1	806	180	1.2241	0.265630930045	0.354214460294308
ENSMUST00000162531.7	3293	3282	1.1562	0.352676192734	0.999999999708504
ENSMUST00000183197.1	405	150	1.0259	0.405395744758	0.353233746735507
ENSMUST00000060824.3	1895	864	0.8732	0.0227423961956	0.934888652345896
ENSMUST00000153787.1	760	555	0.8439	0.218997530651	0.7701046415816
ENSMUST00000131407.1	706	258	1.2274	0.634039897101	0.814122971407477
ENSMUST00000202025.1	488	342	1.3251	0.590290538831	0.890036860610566
ENSMUST00000123806.7	737	519	0.5911	-0.0883713837529	0.314930193406401
ENSMUST00000127675.1	2214	501	0.7189	0.313758988801	0.719142983334508
ENSMUST00000143786.1	725	435	1.1069	0.402237244323	0.829494292061783
ENSMUST00000144670.7	769	333	1.2023	0.310340471193	0.656255463735782
ENSMUST00000076599.7	2692	2217	1.2016	0.229888048614	0.999999050240266
ENSMUST00000140258.1	615	213	1.1567	0.343254170243	0.45860844303229
ENSMUST00000162513.1	644	93	0.8116	-0.0121983596834	0.0419810850880285
ENSMUST00000139779.1	440	186	0.7359	-0.307182357418	0.0219114697808011
ENSMUST00000139258.1	353	141	0.8098	-0.026052353245	0.0554904395299941
ENSMUST00000033821.10	1903	1482	0.9885	0.387039422351	0.999853405436181
ENSMUST00000132634.7	445	108	0.7129	0.0824714972611	0.0567192191363915
ENSMUST00000144121.1	2880	2556	1.1696	0.377702226857	0.999999952084543
ENSMUST00000105662.7	3933	3126	1.0539	0.445461468066	0.99999999924507
ENSMUST00000200464.1	458	234	1.1039	0.27370834007	0.402930959877085
ENSMUST00000167110.7	3547	1752	1.0165	0.400760181728	0.99998051528901
ENSMUST00000163977.1	492	225	1.0432	0.323193990098	0.408644409231184
ENSMUST00000129381.1	486	240	1.0867	0.259872251103	0.391936341692911
ENSMUST00000115191.6	799	576	0.9508	0.263443004419	0.850694067739325
ENSMUST00000207227.1	623	354	0.9487	0.15960133247	0.428904728447679
ENSMUST00000043923.11	2123	1194	1.0435	0.227941431468	0.997966703234857
ENSMUST00000170945.1	3843	1377	0.7105	-0.110057709827	0.995828330967379
ENSMUST00000161960.1	690	471	1.0958	-0.00865524796713	0.53545841358379
ENSMUST00000124178.1	1377	318	0.8582	0.162018183587	0.326919566774264
ENSMUST00000109957.2	2155	1263	1.2668	0.302230631379	0.999396554460381
ENSMUST00000207135.1	958	504	0.8416	-0.0947262958671	0.389195010494258
ENSMUST00000203727.1	441	225	0.8629	-0.0800064717807	0.0868926921992816
ENSMUST00000124926.2	721	579	0.9719	0.0790816672395	0.740583560482834
ENSMUST00000172814.7	1117	483	0.7081	-0.173590282658	0.235652237966606
ENSMUST00000195560.1	476	294	1.0409	0.258104713383	0.464642359483093
ENSMUST00000125402.7	444	333	1.0819	0.252335059097	0.548144705215581
ENSMUST00000124743.1	832	99	1.139	-0.261930766452	0.0292866449333559
ENSMUST00000192585.1	1800	1521	1.1842	0.202807706276	0.999837106878985
ENSMUST00000021957.6	4338	2337	0.7113	0.279740628801	0.999999157214684
ENSMUST00000208620.1	949	486	1.0066	-0.170806344558	0.357879671187042
ENSMUST00000119539.1	845	417	0.7888	0.157848612676	0.464704619471321
ENSMUST00000161420.1	1800	495	1.0375	0.260638015754	0.782775563755162
ENSMUST00000157025.7	1594	252	0.587	-0.209473424982	0.0381730284397743
ENSMUST00000063136.13	3106	1791	1.2635	0.345530365282	0.999988476933135
ENSMUST00000138219.1	575	171	0.9526	0.343508626497	0.300140577593508
ENSMUST00000032364.13	2252	2013	0.6631	-0.0120267580122	0.999970011524312
ENSMUST00000129903.7	1073	747	0.9579	0.27804697676	0.954373148579212
ENSMUST00000191350.1	298	105	1.2002	0.15706240395	0.165446143546761
ENSMUST00000199693.1	515	144	0.9324	0.328126454881	0.242224102334444
ENSMUST00000147373.1	602	558	1.2741	0.38463213565	0.937701758846994
ENSMUST00000129062.1	303	249	1.1447	0.388303152099	0.565373145621776
ENSMUST00000113548.5	1623	639	1.1121	0.35072297802	0.944393953569834
ENSMUST00000115821.2	237	0	0	0	0.00522665119671383
ENSMUST00000172945.1	866	252	1.3719	0.514167171454	0.770054760129513
ENSMUST00000102725.10	854	693	0.5451	0.0348476445777	0.709709297429538
ENSMUST00000169751.1	357	102	0.6222	-0.192119105741	0.0156142032480197
ENSMUST00000184089.1	570	198	0.664	0.0805807100657	0.0942021493764671
ENSMUST00000127193.1	629	483	1.0248	0.209080094471	0.728745160860858
ENSMUST00000192180.1	1089	471	1.1911	0.34077031722	0.850510681602987
ENSMUST00000125385.1	420	240	0.9129	0.125898214558	0.212718884969858
ENSMUST00000202381.3	4392	4272	1.0411	0.343119749369	0.999999999999696
ENSMUST00000028966.2	628	540	1.2027	0.222712248119	0.85646091591079
ENSMUST00000204977.1	703	192	0.6201	-0.0679529279844	0.0474845395480371
ENSMUST00000127807.1	680	204	1.3132	0.610540407336	0.759773650375348
ENSMUST00000136997.1	569	294	1.2044	0.320211628395	0.602082837100899
ENSMUST00000094427.6	3857	3165	1.2891	0.522324234638	0.999999999731796
ENSMUST00000204303.1	364	90	0.5549	-0.164577998001	0.0141588632732262
ENSMUST00000199756.2	808	636	1.1115	0.403411709728	0.954520491471509
ENSMUST00000147529.1	556	312	0.9042	0.0730776387359	0.264180399195463
ENSMUST00000152487.7	735	606	1.2282	0.397620085856	0.953580964906354
ENSMUST00000157027.7	670	588	1.2003	0.519338818926	0.965772574345987
ENSMUST00000138187.7	2392	1863	1.0795	0.35217459032	0.999990763889321
ENSMUST00000128937.1	917	366	0.6957	-0.092256078826	0.153575527964818
ENSMUST00000139109.7	1447	1197	0.8327	-0.00307323719556	0.992586175786935
ENSMUST00000195249.5	948	516	1.0054	0.210182523307	0.766272042838741
ENSMUST00000049344.14	3661	1629	1.1028	0.174376257206	0.999898007657772
ENSMUST00000142585.1	630	171	0.6583	-0.22995072493	0.0232068540759566
ENSMUST00000164573.7	473	291	0.9015	0.0928048664578	0.250054287865984
ENSMUST00000200073.1	2593	513	0.6248	0.0120420453533	0.403568463689492
ENSMUST00000020457.13	1956	1086	1.0556	0.454323446708	0.998288491979074
ENSMUST00000121631.1	476	327	1.1334	0.0782507518864	0.385365052169514
ENSMUST00000143485.1	441	372	1.0608	0.508806569851	0.815180548170156
ENSMUST00000093165.11	6604	3762	1.2926	0.521581940792	0.999999999996165
ENSMUST00000209881.1	434	426	1.2221	0.514991369474	0.900172006358532
ENSMUST00000103221.9	8564	7650	1.2944	0.436740054979	1
ENSMUST00000147841.1	581	117	1.2772	0.269079297788	0.281489298233306
ENSMUST00000154507.7	1112	264	0.8723	0.259015934731	0.335627204675478
ENSMUST00000135623.2	832	753	0.7092	0.26219616254	0.928386553426315
ENSMUST00000115468.8	2493	2076	1.0408	0.0490073742504	0.99999261184608
ENSMUST00000164784.1	3924	3606	0.7027	-0.0149791995314	0.999999999701661
ENSMUST00000205673.1	374	267	1.341	0.773639152522	0.911472548145011
ENSMUST00000072838.5	2018	1512	1.2532	0.439520019867	0.999941611608597
ENSMUST00000184109.1	890	789	0.8144	0.346271411239	0.966430274007595
ENSMUST00000177192.1	906	210	1.1151	0.227871491921	0.322238777998393
ENSMUST00000187339.6	659	348	0.8251	0.157186697466	0.361191682346083
ENSMUST00000079634.7	1020	708	1.0168	0.416792758308	0.968845955319017
ENSMUST00000129074.1	847	555	0.7043	0.201722954257	0.706122015147145
ENSMUST00000066747.13	3128	744	1.0416	0.263256297452	0.955471807838195
ENSMUST00000191976.1	1302	183	1.0792	0.484178820215	0.508387960820906
ENSMUST00000147739.7	637	366	0.8432	0.199902634717	0.442386540994515
ENSMUST00000193230.1	463	108	0.9858	-0.0116991386928	0.063615575141518
ENSMUST00000160472.7	3696	1743	1.0922	0.170474003759	0.999953531396202
ENSMUST00000203185.2	1718	1110	1.2547	0.393645646011	0.99873271618219
ENSMUST00000203485.2	1932	1260	1.1769	0.416091484345	0.99954472049392
ENSMUST00000127065.7	902	600	1.1966	0.443587164692	0.957077331523339
ENSMUST00000177162.7	2728	2262	1.1683	0.14931515078	0.999998983960591
ENSMUST00000029545.14	2747	2079	0.7907	0.223684771548	0.99999433042402
ENSMUST00000129339.7	1939	678	1.1705	0.357790014938	0.962449943964931
ENSMUST00000109815.8	3780	1629	1.3113	0.490189394229	0.999980916929684
ENSMUST00000187627.1	1190	750	0.7285	0.248578171312	0.925004281582793
ENSMUST00000160339.1	2481	1143	1.0871	0.307829631995	0.998029257153412
ENSMUST00000142635.1	1324	441	1.1682	0.373452645825	0.833087023201054
ENSMUST00000070004.3	2273	1455	1.1683	0.353892924489	0.999852725878903
ENSMUST00000150676.7	377	60	0.9764	0.0987747794737	0.0691802592838423
ENSMUST00000127240.7	723	309	1.1469	0.422542504383	0.696406540573369
ENSMUST00000079998.12	1398	543	0.7038	0.123707306865	0.612362990151756
ENSMUST00000212670.1	366	129	1.2691	0.282623702249	0.30892406612831
ENSMUST00000213992.1	4421	1023	0.8777	-0.0111876098308	0.973975597188889
ENSMUST00000133379.1	606	180	1.1943	0.51045198357	0.586530573538146
ENSMUST00000156872.1	2249	912	1.1076	0.40306744576	0.993262630275581
ENSMUST00000126531.7	659	432	0.8958	0.35201336222	0.723923954089686
ENSMUST00000120595.7	2255	1950	1.0823	0.388669017739	0.999995789046578
ENSMUST00000178259.1	517	402	0.9105	0.223915299814	0.563270452045621
ENSMUST00000024930.7	2166	1311	0.8729	0.24739996963	0.998889299808385
ENSMUST00000152830.8	5993	2295	1.1311	0.319088543646	0.999999537393537
ENSMUST00000131192.1	463	105	0.8532	0.178959782737	0.101752106562857
ENSMUST00000215407.1	2633	939	0.8081	0.0187215344516	0.954817150228575
ENSMUST00000124181.1	956	360	0.9449	0.163292643738	0.439601693929019
ENSMUST00000139238.1	695	264	1.2856	-0.14773422196	0.172576864405721
ENSMUST00000205339.1	945	837	1.1881	0.284234709037	0.984425572856866
ENSMUST00000130239.1	691	144	0.5187	-0.429118554708	0.00662661962375703
ENSMUST00000214053.1	835	216	0.7813	-0.00413850470237	0.0938166372778135
ENSMUST00000145645.7	1243	303	0.7203	0.131241370894	0.229780101411273
ENSMUST00000133598.1	629	153	0.9822	0.0727014827996	0.116095724671607
ENSMUST00000058266.8	3010	2415	0.9135	0.352268323555	0.999999762482221
ENSMUST00000129317.1	262	96	1.091	0.105325420737	0.10939191961422
ENSMUST00000161270.1	687	420	0.64	-0.0854989587302	0.199769862111803
ENSMUST00000125850.1	591	513	0.9872	0.488875237341	0.907178615895318
ENSMUST00000154203.2	673	651	0.8219	0.147673270738	0.827951559132902
ENSMUST00000194848.1	637	522	1.2432	0.504715630632	0.947069354915167
ENSMUST00000208004.1	625	327	1.0016	-0.0262507072484	0.241827391318486
ENSMUST00000156724.1	619	168	1.2202	0.00370367275066	0.146673053597675
ENSMUST00000007708.13	2410	1770	1.2484	0.442231211431	0.999990862800246
ENSMUST00000079153.7	471	387	1.1877	0.381847860609	0.787262457769422
ENSMUST00000148621.7	475	381	0.8643	-0.0182956472703	0.27441884698349
ENSMUST00000176756.8	8260	4944	1.1811	0.233976707057	1
ENSMUST00000199353.1	3755	423	0.9566	0.0173913863061	0.394530556188531
ENSMUST00000030029.9	5633	3189	0.8642	0.223789257505	0.99999999824396
ENSMUST00000044507.11	3370	3012	0.7282	0.272962178613	0.999999993707509
ENSMUST00000127381.2	529	303	1.2686	0.510410281786	0.798517873150049
ENSMUST00000206637.1	713	684	1.1952	0.381594514717	0.969498723947085
ENSMUST00000171251.7	1751	1230	0.9587	0.330733263518	0.998803432560936
ENSMUST00000138453.1	657	198	0.6567	-0.0601397474066	0.0544584967925494
ENSMUST00000091059.11	2388	2130	1.271	0.420672025091	0.999999288169692
ENSMUST00000022169.7	1904	1611	0.6376	0.12361433209	0.999674225751422
ENSMUST00000027725.10	3408	1707	1.0471	0.243143439535	0.999951643620245
ENSMUST00000050962.4	1457	720	1.2514	0.436292680496	0.982528634464611
ENSMUST00000124628.7	540	282	1.0093	0.183724800715	0.356031890591248
ENSMUST00000147553.1	994	204	0.6931	-0.0945956276734	0.0525467809187461
ENSMUST00000194164.1	2147	237	0.8002	-0.0748032910477	0.083113563885102
ENSMUST00000129378.1	966	219	0.9208	-0.091100833923	0.087430123664199
ENSMUST00000176874.1	1085	909	0.9817	-0.0514935885578	0.948154798970497
ENSMUST00000043793.6	2289	2121	1.0497	0.18606619722	0.999997015407973
ENSMUST00000133358.1	600	264	1.1769	0.420501948793	0.635487654182075
ENSMUST00000126811.7	453	231	0.6248	0.0183015536318	0.0870633038294754
ENSMUST00000146388.1	456	258	1.0405	0.274471369742	0.417069208497244
ENSMUST00000161312.7	695	648	0.9761	0.141051471577	0.859206275462986
ENSMUST00000212297.1	1080	729	1.09	0.474242646206	0.981262617084906
ENSMUST00000204690.1	3479	318	0.6204	-0.349974661727	0.0353387954062444
ENSMUST00000113553.1	4153	3219	1.0536	0.300448427944	0.999999999297889
ENSMUST00000139716.1	308	102	0.9759	0.0687853000037	0.0817957798071658
ENSMUST00000098123.3	837	402	0.6796	0.186895018413	0.41731603479758
ENSMUST00000126710.7	632	540	0.768	0.045844443162	0.563297578970343
ENSMUST00000043061.4	1310	477	0.9333	0.220806779678	0.691434667566688
ENSMUST00000204239.2	4804	1563	1.2573	0.367313830398	0.999942500861134
ENSMUST00000054434.3	933	933	0.9524	-0.0139252015187	0.960155363470795
ENSMUST00000129784.7	974	594	1.1832	0.391919720305	0.943924150695438
ENSMUST00000105316.2	720	627	1.058	0.0565657128801	0.812063959275478
ENSMUST00000152544.7	1262	447	0.8841	0.343020726036	0.730987926260234
ENSMUST00000192603.1	536	303	0.7617	-0.023983688622	0.1479613695396
ENSMUST00000169861.7	4065	1749	1.0459	0.168504823891	0.999950683717285
ENSMUST00000046638.9	2033	1803	0.793	0.131722327853	0.999940748115192
ENSMUST00000030393.12	3188	2241	1.1875	0.472347241821	0.999999692174792
ENSMUST00000033490.12	3658	1890	0.9827	0.291265248374	0.999987975965859
ENSMUST00000115537.1	4230	3426	1.0051	0.176448799073	0.999999999713058
ENSMUST00000100392.4	2547	1848	0.8041	0.2176353797	0.999970119617822
ENSMUST00000119693.7	1801	1170	1.1924	0.358653002474	0.998932878478981
ENSMUST00000198832.1	629	381	0.9304	0.213584618848	0.52374651705947
ENSMUST00000159814.1	3997	579	1.2697	0.735520848183	0.985372949565865
ENSMUST00000123286.1	709	51	0.6461	-0.309948802944	0.00698213160158331
ENSMUST00000023059.12	1324	1200	1.0973	0.224149278072	0.998243330175353
ENSMUST00000143661.1	853	693	1.1015	0.453301100541	0.974409304413203
ENSMUST00000130646.7	947	603	0.8457	0.0981712176638	0.74274114663133
ENSMUST00000145749.1	1764	297	0.9254	0.0463692147624	0.226077547913952
ENSMUST00000160595.7	374	255	1.0284	0.0822142112832	0.238104925170755
ENSMUST00000141872.1	518	222	1.1692	-0.17589086174	0.0999288410688715
ENSMUST00000204512.1	674	360	1.295	0.364605940244	0.775211187045671
ENSMUST00000216622.1	1725	1029	1.0235	0.182538220283	0.991771098951096
ENSMUST00000146675.7	756	504	0.9439	0.149380930665	0.677500333515049
ENSMUST00000213086.1	2544	564	1.0916	0.331548350443	0.895947625049204
ENSMUST00000178918.1	466	309	0.6684	0.0146045601468	0.151679107395254
ENSMUST00000084564.9	5829	2604	0.7676	0.371221790448	0.999999921266803
ENSMUST00000160478.7	672	288	0.9663	0.283724309092	0.444347884435793
ENSMUST00000057836.11	2862	1407	0.8341	0.204650077821	0.999276884527993
ENSMUST00000149983.3	1088	411	0.7002	0.0982627230902	0.354622356715564
ENSMUST00000103452.2	350	348	0.7462	0.252878034082	0.421047702028375
ENSMUST00000118633.1	740	288	0.9044	0.222209711209	0.356234810912928
ENSMUST00000210145.1	249	60	0.984	0.10611445115	0.0722776787932482
ENSMUST00000149739.1	670	450	0.9052	0.0279764310626	0.446777464466599
ENSMUST00000072419.2	948	948	0.9428	-0.054633833134	0.957127692945121
ENSMUST00000149762.1	350	246	0.7002	0.0301695122383	0.113988397943095
ENSMUST00000160529.1	924	723	0.8754	0.179539462987	0.910084803603006
ENSMUST00000066794.8	2798	996	0.8355	-0.0205733946419	0.966058205072371
ENSMUST00000142931.7	1923	585	0.7467	0.0995593203561	0.674614014979625
ENSMUST00000020362.2	4191	576	1.2746	0.323489827587	0.92473456483889
ENSMUST00000136194.1	694	447	0.9829	0.158370358698	0.608666096408507
ENSMUST00000140214.2	477	288	1.2039	0.181122988251	0.451009591388703
ENSMUST00000201652.3	1458	309	1.0772	0.323999894838	0.569682336628272
ENSMUST00000113136.7	3736	2481	1.2078	0.121258745525	0.999999776794513
ENSMUST00000196583.4	2344	1044	0.9549	0.0843530461911	0.987340578510613
ENSMUST00000143744.7	692	303	1.2607	0.502173216826	0.789992302037769
ENSMUST00000034929.6	2031	1656	0.9845	0.25460339172	0.999927470103437
ENSMUST00000136626.7	2345	447	0.9829	0.158370358698	0.599440294624456
ENSMUST00000126377.1	437	33	0.554	-0.309767676707	0.00521247666236526
ENSMUST00000146290.1	628	87	0.9895	-0.251358803665	0.0215090924705954
ENSMUST00000117565.1	1336	1215	0.9224	0.298624022574	0.99838976743729
ENSMUST00000025570.6	3096	495	1.0501	0.270308155994	0.788282448508991
ENSMUST00000134020.1	682	246	0.4695	-0.298950666016	0.0211851512203317
ENSMUST00000136960.7	4313	1113	1.0333	0.369972917868	0.99781095347204
ENSMUST00000149390.1	2338	423	0.8135	-0.0497807762584	0.281716801294537
ENSMUST00000166184.1	445	219	1.2393	0.344644775155	0.510154468048065
ENSMUST00000090212.4	1407	1173	1.2162	0.537624258949	0.999523499317374
ENSMUST00000153855.1	1373	723	1.0471	0.258868718806	0.950161051359078
ENSMUST00000131286.2	746	681	1.2047	0.437848366887	0.975499413379598
ENSMUST00000180393.1	728	210	0.7558	-0.111449460618	0.0576024284419783
ENSMUST00000200868.1	310	102	0.9364	-0.0677255223016	0.045224977724966
ENSMUST00000141650.7	835	507	1.1661	0.267322675545	0.839908824098841
ENSMUST00000103395.1	287	276	0.5882	0.219731124665	0.219953543523658
ENSMUST00000011776.7	843	639	0.7391	0.223657094751	0.837165208086417
ENSMUST00000065978.7	718	465	1.0843	0.052901581179	0.581372140658195
ENSMUST00000186482.1	570	570	1.015	0.165230508152	0.805332113910189
ENSMUST00000129442.1	1751	318	1.2496	0.710611827484	0.903779327513748
ENSMUST00000133148.1	789	150	0.9338	-0.205770307495	0.0361288202816538
ENSMUST00000153634.7	1057	975	0.9731	0.334655577547	0.992938199292254
ENSMUST00000148422.1	386	90	0.8755	-0.256462787354	0.0175825431880778
ENSMUST00000131850.1	2151	342	0.6736	-0.0750808634678	0.132419712454121
ENSMUST00000114071.7	1400	1050	1.0824	0.430336339768	0.997702513937321
ENSMUST00000058921.13	797	561	0.7297	0.0103172897608	0.546307640442869
ENSMUST00000143270.1	617	312	0.5845	-0.208000687828	0.0589933076942981
ENSMUST00000097811.9	6446	4275	0.6946	0.1559647378	0.999999999998722
ENSMUST00000071526.4	1276	1002	1.0546	0.120015316363	0.98798725806277
ENSMUST00000195255.1	524	255	0.6027	-0.0148082743592	0.0866717006578611
ENSMUST00000197677.4	779	546	1.2132	0.544696834518	0.959376448010437
ENSMUST00000155315.7	474	285	1.1221	0.383828385223	0.612650094649485
ENSMUST00000182747.1	2790	444	0.6161	0.100354172664	0.366267576920916
ENSMUST00000132984.1	877	696	1.263	0.430107293442	0.97949181252243
ENSMUST00000136703.1	766	441	0.9695	0.333883893222	0.748268115412893
ENSMUST00000132417.7	2795	333	0.8207	0.236506769419	0.398377637769786
ENSMUST00000033509.14	1743	693	1.1427	0.174121804297	0.927841898358215
ENSMUST00000134193.7	774	606	0.932	0.142155086027	0.80632093344097
ENSMUST00000150952.1	660	228	0.7741	-0.00257750479395	0.10117628006386
ENSMUST00000187179.1	587	180	0.5434	-0.198805035945	0.0227490634093353
ENSMUST00000211108.1	1254	498	0.9452	0.247583369685	0.7486252395505
ENSMUST00000184817.1	871	297	1.09	0.125298695508	0.358722569251207
ENSMUST00000202208.1	663	336	1.2502	0.645177098929	0.893674936413732
ENSMUST00000138781.1	337	246	1.2755	0.589504597798	0.786913791480305
ENSMUST00000216769.1	600	213	0.4608	-0.0269422778516	0.0486451166829095
ENSMUST00000062148.7	917	546	1.1555	0.200862609826	0.838300240206634
ENSMUST00000199127.1	512	225	1.1979	0.086913759827	0.259537707607131
ENSMUST00000216957.1	2065	927	0.7929	-0.00468651584017	0.945499602130829
ENSMUST00000204783.2	614	207	1.1319	0.304369690576	0.397876341307416
ENSMUST00000095636.1	1020	1020	0.999	-0.0688025550646	0.975161114884332
ENSMUST00000106981.7	960	768	0.9869	0.248339936722	0.958001532497406
ENSMUST00000032633.11	3132	2502	1.038	0.144273182759	0.999999763930666
ENSMUST00000214400.1	4527	984	1.2066	0.37725408773	0.996082014465201
ENSMUST00000064937.13	6604	4368	1.1089	0.155591351259	0.999999999999696
ENSMUST00000119845.1	1696	444	1.083	0.165870269936	0.648732179542469
ENSMUST00000183312.1	500	150	1.1377	-0.0281613810524	0.102315369379106
ENSMUST00000136890.1	647	441	1.032	0.120328932755	0.583045710655888
ENSMUST00000192048.1	863	294	0.9087	0.269340675015	0.413230245411985
ENSMUST00000140318.1	1301	243	1.1391	0.55149474113	0.701233380134954
ENSMUST00000168828.1	2291	1161	0.9634	0.332725643512	0.998041163519743
ENSMUST00000033501.14	4142	3450	1.1241	0.276485276463	0.999999999871783
ENSMUST00000184698.8	518	297	0.7113	0.255642524477	0.32212261933578
ENSMUST00000076136.6	3775	3327	0.8122	0.227380032775	0.999999999325767
ENSMUST00000133250.7	847	438	1.1815	0.432011770809	0.865450206740571
ENSMUST00000214344.1	1309	936	0.9216	-0.0732822317999	0.947599190931103
ENSMUST00000147016.4	5696	1788	1.0341	0.137941945391	0.999955216881656
ENSMUST00000139170.7	666	363	0.756	0.328073041078	0.526985917247428
ENSMUST00000030179.10	1505	1086	0.8033	0.243672332474	0.993623538444229
ENSMUST00000197374.1	3900	1533	1.1673	0.31934905392	0.999899457993802
ENSMUST00000184263.1	402	153	0.9939	0.156673231214	0.159822180758157
ENSMUST00000127729.7	441	222	1.0947	0.30972910294	0.413551064613081
ENSMUST00000046589.3	783	426	1.0254	0.222822428523	0.652634077022893
ENSMUST00000125737.1	844	756	1.2684	0.391267073325	0.984498636196863
ENSMUST00000197577.1	485	132	1.1176	0.0973114852624	0.138752994933464
ENSMUST00000198878.1	2050	1626	1.0069	0.146019230884	0.999865285210735
ENSMUST00000104889.1	939	939	0.9181	-0.174251328945	0.924560070327197
ENSMUST00000039537.13	2800	1380	1.2059	0.294890634509	0.999696013790735
ENSMUST00000117766.7	3556	1011	0.9972	0.0785301137512	0.984403909209049
ENSMUST00000132438.1	362	213	0.981	0.0554955450325	0.159320337277571
ENSMUST00000217107.1	230	60	1.2721	-0.0381853854946	0.0687561300138207
ENSMUST00000187357.1	344	204	1.0709	-0.0606853092618	0.115511773159025
ENSMUST00000105426.9	6802	5811	1.1007	0.277136938856	1
ENSMUST00000173397.7	3510	2610	1.3113	0.53685021865	0.999999986799248
ENSMUST00000105966.1	1503	969	0.9021	0.361458345005	0.992383494985637
ENSMUST00000045035.11	432	267	1.2985	0.374972129713	0.65053711058881
ENSMUST00000153391.2	505	279	0.866	0.00718379292118	0.167737234936315
ENSMUST00000045604.3	776	408	0.9777	0.296451096367	0.671114408931866
ENSMUST00000215576.1	766	291	0.6378	-0.381399971357	0.0283499237641822
ENSMUST00000093321.11	5061	1791	1.1094	0.31613368292	0.999981883995615
ENSMUST00000102824.3	2656	1392	1.0592	0.241227669763	0.999545546426734
ENSMUST00000156657.7	594	159	0.4539	-0.142245214041	0.0208950461110602
ENSMUST00000150150.2	349	174	1.0977	0.31468160065	0.339009489254624
ENSMUST00000185860.1	713	114	0.8613	-0.0747919910668	0.0414392873498672
ENSMUST00000131148.1	240	120	0.665	-0.157778228999	0.0220701978132526
ENSMUST00000217279.1	1441	945	0.9838	0.0823351313741	0.976079096773362
ENSMUST00000206536.1	454	294	0.9434	0.134066745701	0.303728082991134
ENSMUST00000208813.1	342	120	0.9102	-0.357925715667	0.0154300015047449
ENSMUST00000159357.7	254	60	0.8826	-0.269226256209	0.0137144618131304
ENSMUST00000119952.1	793	372	1.2754	0.277569910747	0.716972066670599
ENSMUST00000126409.1	264	174	0.9399	0.323850285073	0.284610605681666
ENSMUST00000206127.1	712	579	1.1664	0.325967636519	0.918364332793645
ENSMUST00000198707.1	421	237	0.9368	-0.0341121097194	0.125643201687732
ENSMUST00000186107.6	1837	963	1.1035	0.0144293690478	0.977564268227029
ENSMUST00000125047.1	499	291	1.0825	0.14332974908	0.364532080520876
ENSMUST00000087654.4	3407	1767	0.9112	0.050155237878	0.999911116518068
ENSMUST00000190276.6	574	477	1.2853	0.280833876325	0.848653491014813
ENSMUST00000015427.12	1427	693	1.1129	0.397185625896	0.968261249008251
ENSMUST00000000122.6	3446	1284	0.9862	0.443231853533	0.999493901966727
ENSMUST00000111218.7	1387	717	1.1595	0.391292367679	0.974782078618044
ENSMUST00000108194.8	2323	1881	0.7468	0.135286515098	0.999963508849294
ENSMUST00000204039.1	152	147	0.9384	-0.164935797757	0.0424876417265221
ENSMUST00000059692.3	1850	1413	1.0407	0.26773405921	0.999644027734303
ENSMUST00000096447.8	1773	642	1.0329	0.0507749802844	0.81408339005809
ENSMUST00000071588.7	2238	789	1.1759	0.489450745707	0.989911032663362
ENSMUST00000090443.9	4004	1638	1.271	0.47239974744	0.999979162235738
ENSMUST00000207363.1	412	306	1.3102	0.615359116115	0.870781753872794
ENSMUST00000028342.6	862	360	1.2213	0.629021764738	0.898218581686424
ENSMUST00000114933.8	3004	2073	1.194	0.401130069614	0.999998638068283
ENSMUST00000127397.2	621	492	1.1932	0.464008299237	0.917500037370212
ENSMUST00000122869.1	365	78	0.7353	-0.0879621544645	0.0245776459152514
ENSMUST00000063869.10	1421	618	0.8663	0.215898105359	0.842516549277561
ENSMUST00000079464.12	2083	1302	1.1822	0.506308108706	0.999768895536855
ENSMUST00000135034.1	2475	543	0.8032	0.0779715236506	0.605863731235278
ENSMUST00000164481.6	915	276	0.8042	-0.139126811385	0.0873761131149856
ENSMUST00000150249.7	381	186	0.7995	-0.0530858533615	0.0666045308430708
ENSMUST00000109246.1	2386	1389	1.2715	0.540419953448	0.999908464455996
ENSMUST00000189268.6	2347	1893	1.2716	0.427090621762	0.999996173175856
ENSMUST00000026119.7	1957	1458	1.2023	0.32752494789	0.999850419326487
ENSMUST00000206918.1	271	108	0.7104	-0.0778613227769	0.0302554297885133
ENSMUST00000033617.12	2540	1980	0.7874	0.240620450942	0.999989177959307
ENSMUST00000193452.1	2802	1566	0.8249	0.17156448288	0.999732904299994
ENSMUST00000165673.4	2072	1842	1.2819	0.498766693328	0.999995979368148
ENSMUST00000200038.1	606	156	0.9878	0.178270778278	0.172828577867639
ENSMUST00000131872.7	885	522	0.9453	0.129713466544	0.688127750756282
ENSMUST00000131919.1	3987	3891	1.0399	0.399466988611	0.999999999996251
ENSMUST00000142416.1	1835	1545	0.4776	0.0447482872297	0.999027155017939
ENSMUST00000128225.7	977	477	0.8912	0.185843073851	0.644138302468913
ENSMUST00000154121.1	280	96	1.1624	0.30579373085	0.24140602638181
ENSMUST00000149436.7	513	450	0.6159	0.113530484742	0.401729569532788
ENSMUST00000079625.10	3285	1158	1.1861	0.337102593848	0.998669179856859
ENSMUST00000135397.7	875	177	0.6674	-0.0989632971191	0.0410996851736542
ENSMUST00000162317.1	297	297	1.3482	0.434556165051	0.764423054934477
ENSMUST00000023117.8	864	333	0.9443	0.220594883484	0.449595500685407
ENSMUST00000159908.1	742	288	1.0398	0.309593579028	0.5043216436088
ENSMUST00000194229.2	3286	978	1.0989	0.124550635533	0.98648670433662
ENSMUST00000197204.1	359	144	0.8705	-0.0163303517004	0.0653562755273847
ENSMUST00000216685.1	1266	759	0.7345	0.216592992168	0.920993677189203
ENSMUST00000128931.7	663	318	1.0181	0.442415622759	0.676626351040535
ENSMUST00000047704.7	2548	2373	0.8275	0.186419941541	0.999999264505424
ENSMUST00000007130.14	3623	2346	1.2206	0.258701414325	0.999999671703594
ENSMUST00000037709.15	3241	1698	1.0382	0.227312780749	0.999944248112456
ENSMUST00000194983.1	696	696	1.1394	0.148034120191	0.923247879842056
ENSMUST00000124337.7	1488	462	1.0437	0.393315017904	0.832722641734308
ENSMUST00000181283.2	4475	4290	0.8091	0.184784322642	0.999999999999213
ENSMUST00000186024.1	614	81	0.6544	-0.0936038287156	0.0210677186969924
ENSMUST00000173701.1	836	285	0.9862	0.195764918937	0.360860898034851
ENSMUST00000039666.6	2385	1425	0.7835	0.175069239577	0.999221383587277
ENSMUST00000174044.1	775	165	0.7884	0.0844290601894	0.094557385823671
ENSMUST00000138900.7	914	633	1.0044	0.350721772254	0.931196828926096
ENSMUST00000185296.1	3431	2103	1.2615	0.479826624075	0.999999291703223
ENSMUST00000109495.7	813	576	0.8404	0.115493578632	0.716978055944666
ENSMUST00000124790.7	945	246	0.5169	-0.160224819826	0.039777883295547
ENSMUST00000193465.1	661	429	0.9794	0.37379679	0.766177168707272
ENSMUST00000217257.1	1867	939	1.0002	0.125138500746	0.97938773253075
ENSMUST00000132739.1	464	99	0.9571	-0.0159550611342	0.0559926860275939
ENSMUST00000153074.1	405	267	0.9166	0.0252531445472	0.179751823247752
ENSMUST00000167071.8	1138	924	1.0196	0.282385396986	0.988442699982545
ENSMUST00000202999.1	345	276	1.1771	0.361523447051	0.600518017159628
ENSMUST00000046647.2	683	498	0.9562	0.0829039524904	0.61106676576176
ENSMUST00000117338.7	2765	2526	1.0101	0.400465863171	0.999999927266707
ENSMUST00000214605.1	2136	933	0.8732	-0.0188755772059	0.951959085734791
ENSMUST00000160990.1	211	48	1.2783	-0.096709379405	0.051180843803497
ENSMUST00000132867.1	436	135	1.3011	0.123601934432	0.205193978273814
ENSMUST00000189603.1	615	576	1.0591	0.139112317131	0.808057308055834
ENSMUST00000139713.1	1021	438	0.6031	0.0985043412231	0.358479863330968
ENSMUST00000087825.2	938	936	1.1555	0.0900762331944	0.982129330182698
ENSMUST00000106770.7	4346	3840	1.2404	0.38025762585	0.99999999999593
ENSMUST00000211132.1	209	198	1.005	0.0596721759413	0.153650197647054
ENSMUST00000154486.7	760	342	0.5338	0.00902422804096	0.146370337689862
ENSMUST00000132927.7	384	63	1.1719	-0.133352715784	0.0405687616176653
ENSMUST00000134953.1	601	315	1.0373	0.24200858636	0.483618646502557
ENSMUST00000122829.1	2101	588	1.2537	0.453716538599	0.958412501940654
ENSMUST00000168551.1	336	336	0.8803	0.0800444499769	0.296924922636342
ENSMUST00000165793.1	749	351	1.1934	0.174159912424	0.550746043653859
ENSMUST00000125434.1	394	18	1.0751	-0.644804611137	0.00314306429461135
ENSMUST00000144730.1	1053	228	0.9082	0.360363928421	0.386956146344517
ENSMUST00000187996.1	313	309	0.8556	0.128919022523	0.288557720548602
ENSMUST00000121368.1	260	189	1.0953	0.335410122416	0.382936782058633
ENSMUST00000128356.1	635	252	1.0083	0.122648527818	0.256753907934831
ENSMUST00000163382.1	621	237	1.1363	0.431001575635	0.581253999571872
ENSMUST00000196465.1	2501	330	0.7686	0.0990117754156	0.252362621785692
ENSMUST00000178363.7	679	444	1.2938	0.441162058575	0.896116267473901
ENSMUST00000150305.1	650	540	1.1357	0.292357745747	0.874991392981532
ENSMUST00000126435.7	2819	1110	1.2037	0.509274025547	0.999108566710951
ENSMUST00000105763.1	1678	1485	1.0119	0.0662575645161	0.999493053150456
ENSMUST00000152044.1	597	447	1.0249	0.389387703423	0.812540128549608
ENSMUST00000174832.1	634	225	0.8894	-0.435878024498	0.0227008545831084
ENSMUST00000213284.1	749	702	0.812	0.105163681099	0.851349332315394
ENSMUST00000107971.8	3567	1845	1.0635	0.26880568854	0.999984340586687
ENSMUST00000141788.1	903	498	0.9658	0.265226409472	0.77028813293029
ENSMUST00000159607.1	916	699	1.1102	0.245083845116	0.945127629994109
ENSMUST00000210494.1	436	378	0.7917	0.161580875987	0.403080770504189
ENSMUST00000157074.5	4194	684	0.7447	0.100031065271	0.800383561546457
ENSMUST00000151852.1	704	486	1.2282	0.505777711872	0.930828288799299
ENSMUST00000177668.1	1215	1215	1.0443	0.109305122832	0.997227588770829
ENSMUST00000203112.1	685	285	0.6864	-0.0238459259638	0.116754411063869
ENSMUST00000162643.1	804	267	1.0277	0.231737203814	0.383073297787767
ENSMUST00000050034.2	2801	2403	1.0752	0.23427741784	0.999999690906681
ENSMUST00000174540.1	730	348	1.0189	0.12047893316	0.410592086322981
ENSMUST00000144352.1	542	111	0.654	-0.564111505039	0.00389186465826294
ENSMUST00000069674.5	974	738	0.795	-0.157593688365	0.709684620432088
ENSMUST00000039812.15	5290	1884	0.7901	-0.0417107789107	0.999927191242642
ENSMUST00000150785.1	3258	336	0.9244	0.10603897219	0.322575056264448
ENSMUST00000020649.13	5153	3939	1.1719	0.252957632543	0.99999999999612
ENSMUST00000079770.2	1298	1296	1.263	0.447745048577	0.999740963812881
ENSMUST00000154568.1	787	441	0.9458	0.135917041919	0.558589864831981
ENSMUST00000138701.7	499	111	1.0556	-0.237209595239	0.0304557233080364
ENSMUST00000071968.8	3228	2616	1.2946	0.550785117651	0.99999998776291
ENSMUST00000033939.12	3580	2274	1.226	0.416024407251	0.999999713072691
ENSMUST00000173177.1	418	258	0.9171	0.309958890953	0.396916805561979
ENSMUST00000202093.1	331	153	0.9569	0.457423864365	0.37822686819037
ENSMUST00000131153.1	600	312	0.7339	0.0890513979653	0.218098061954448
ENSMUST00000139310.1	917	552	0.9562	0.138553413634	0.743365778201164
ENSMUST00000137780.1	1331	1290	1.0035	0.0463664645669	0.997741004900881
ENSMUST00000068595.5	1671	1671	0.8309	0.132257596183	0.99985838097821
ENSMUST00000119888.1	2787	2004	1.0565	0.293180724929	0.999995523583151
ENSMUST00000176209.1	3734	2292	0.773	0.309618032494	0.999999092734441
ENSMUST00000119315.1	3179	327	0.3969	-0.274289349017	0.0341894871210521
ENSMUST00000180762.1	590	132	0.7112	0.105076862801	0.0722797577333435
ENSMUST00000105612.1	2737	1092	1.2349	0.371940544998	0.998325131727276
ENSMUST00000175993.1	756	570	1.1327	0.373513144101	0.923159498238206
ENSMUST00000137488.1	1697	450	1.0848	0.372070656327	0.818043137611407
ENSMUST00000127855.1	619	276	0.8687	0.369929799269	0.465567023727974
ENSMUST00000182448.1	1215	162	0.7684	-0.357536955956	0.0157455995875566
ENSMUST00000215318.1	333	267	0.6974	-0.0375185937531	0.101502183937775
ENSMUST00000125461.7	741	285	1.0751	0.236648554596	0.441043910924583
ENSMUST00000105957.9	1028	780	1.2253	0.545024172223	0.992374330183238
ENSMUST00000185913.6	2731	2322	0.8968	0.143222572221	0.999998880559001
ENSMUST00000040562.13	3407	2367	1.042	0.220000324056	0.999999541616952
